time=3000000
Bimodal(1.0, 1000.0, 0.9995) 0
g: "Set further on", k: 10, Mean: 1.499499999999945, C^2: 221.81496299588213
g=None
,LWL,Random,JSQ,RR,JSQ_d(2),Split
0.800000,113.243375,34.131625,18.272918,30.848574,22.888532,50.161628
0.980000,654.485730,94.545752,37.718017,90.541018,44.739911,283.250918
g=Some(1.0)
0.800000,17.905180,20.584921,18.114142,21.235026,19.264844,19.317870
0.980000,37.231965,41.705922,37.883433,41.151295,40.257759,39.108328
g=Some(2.0)
0.800000,17.641636,22.472912,18.254518,23.889640,20.431882,21.863166
0.980000,36.582673,45.495334,38.198427,46.271373,41.042334,41.402824
g=Some(4.0)
0.800000,18.701853,25.899142,18.515802,26.906306,21.576261,29.638957
0.980000,36.903979,52.690390,38.319748,53.757564,42.429494,46.744620
BoundedPareto(1.5, 1000000.0) 0
g: "Set further on", k: 10, Mean: 2.9970000029970003, C^2: 332.667
g=None
,LWL,Random,JSQ,RR,JSQ_d(2),SITA
0.800000,36.033476,61.172848,34.570300,50.316724,42.699921,79.394615
0.980000,98.986495,124.488738,53.196507,103.078259,65.896013,559.743780
g=Some(1.0)
0.800000,34.114659,43.390677,34.645975,41.693679,38.554473,44.571183
0.980000,63.885670,72.250273,57.728419,68.669730,62.705196,77.550973
g=Some(2.0)
0.800000,34.561664,48.286602,34.728220,45.201511,40.544387,53.416495
0.980000,67.583790,82.739594,55.679617,75.928165,64.079265,109.639323
g=Some(4.0)
0.800000,35.102138,52.443527,34.723908,49.615154,41.558826,63.079127
0.980000,71.242538,91.453511,54.953986,82.166577,64.579479,168.525854
Bimodal(1.0, 1000.0, 0.9995) 1
g: "Set further on", k: 10, Mean: 1.499499999999945, C^2: 221.81496299588213
g=None
,LWL,Random,JSQ,RR,JSQ_d(2),Split
0.800000,112.560951,34.614072,18.208423,29.137759,22.834578,44.947151
0.980000,669.950272,105.657949,32.567609,106.499318,40.235813,287.297057
g=Some(1.0)
0.800000,17.896132,20.443460,18.088112,21.159217,19.198271,19.249983
0.980000,31.347644,36.424716,32.381757,35.806888,34.472756,33.445081
g=Some(2.0)
0.800000,17.622838,22.288077,18.176539,24.033281,20.288237,21.664664
0.980000,30.691400,42.084334,32.909836,43.019475,36.433741,36.270001
g=Some(4.0)
0.800000,18.686559,25.571862,18.461309,26.725728,21.525822,29.597336
0.980000,30.741836,50.758534,32.977287,51.894088,37.905993,43.008469
BoundedPareto(1.5, 1000000.0) 1
g: "Set further on", k: 10, Mean: 2.9970000029970003, C^2: 332.667
g=None
,LWL,Random,JSQ,RR,JSQ_d(2),SITA
0.800000,37.155809,62.323349,35.010766,51.141526,43.272478,80.542447
0.980000,93.876683,129.138965,53.469810,104.105602,65.390255,571.469252
g=Some(1.0)
0.800000,34.657288,43.777105,35.157055,42.161685,38.984665,44.998658
0.980000,63.948296,71.872589,57.251376,68.577614,62.877405,77.328843
g=Some(2.0)
0.800000,35.206503,48.888522,35.249730,45.932917,40.965203,53.875657
0.980000,67.497614,82.514919,55.261078,75.351207,64.196927,109.210161
g=Some(4.0)
0.800000,35.816861,52.913114,35.187160,50.477052,42.025069,63.502992
0.980000,72.207342,90.995000,55.338820,82.007677,65.132711,167.014465
Bimodal(1.0, 1000.0, 0.9995) 2
g: "Set further on", k: 10, Mean: 1.499499999999945, C^2: 221.81496299588213
g=None
,LWL,Random,JSQ,RR,JSQ_d(2),Split
0.800000,102.561476,35.403490,18.380472,28.049265,22.918662,45.229286
0.980000,713.896700,103.575400,44.872841,103.017676,52.502870,308.063722
g=Some(1.0)
0.800000,18.070504,20.704631,18.254639,21.397114,19.409781,19.411637
0.980000,44.395504,48.827212,45.145868,48.102382,47.433119,46.451943
g=Some(2.0)
0.800000,17.783009,22.652579,18.322332,24.346123,20.524817,21.959715
0.980000,43.556025,55.875636,45.964560,55.545699,49.314940,48.278630
g=Some(4.0)
0.800000,18.748862,26.038608,18.642716,27.020836,21.776682,29.960804
0.980000,43.207641,65.930646,44.954155,65.267973,50.230422,55.081823
BoundedPareto(1.5, 1000000.0) 2
g: "Set further on", k: 10, Mean: 2.9970000029970003, C^2: 332.667
g=None
,LWL,Random,JSQ,RR,JSQ_d(2),SITA
0.800000,37.604315,62.762717,35.294448,51.923939,43.601541,79.840659
0.980000,113.364230,126.102335,55.925215,105.366474,68.274017,514.796852
g=Some(1.0)
0.800000,34.949002,43.980960,35.457649,42.488834,39.272419,45.300629
0.980000,69.107060,77.442480,61.776206,73.860435,67.068684,82.501257
g=Some(2.0)
0.800000,35.474813,49.164536,35.512566,46.192973,41.299025,54.218760
0.980000,73.234168,88.387078,58.970111,81.305633,68.196363,117.682635
g=Some(4.0)
0.800000,36.129041,53.351060,35.546395,50.824293,42.382210,63.931039
0.980000,78.300751,98.105883,58.400053,89.368938,69.003713,187.246298
Bimodal(1.0, 1000.0, 0.9995) 3
g: "Set further on", k: 10, Mean: 1.499499999999945, C^2: 221.81496299588213
g=None
,LWL,Random,JSQ,RR,JSQ_d(2),Split
0.800000,91.615217,35.235719,18.017287,29.309651,22.338699,45.863058
0.980000,622.616587,105.065301,33.662554,83.720299,40.762027,301.891354
g=Some(1.0)
0.800000,17.666235,20.198868,17.844853,20.864244,18.950320,18.983707
0.980000,32.922843,37.366442,33.658808,36.928698,35.855391,34.711409
g=Some(2.0)
0.800000,17.373493,22.093864,17.913385,23.490988,20.073575,21.384159
0.980000,32.244299,42.178902,34.287547,42.082911,36.855924,37.380703
g=Some(4.0)
0.800000,18.314659,25.283024,18.129610,26.235943,21.291408,29.239958
0.980000,32.524993,50.605202,34.099744,51.194276,38.344419,43.201880
BoundedPareto(1.5, 1000000.0) 3
g: "Set further on", k: 10, Mean: 2.9970000029970003, C^2: 332.667
g=None
,LWL,Random,JSQ,RR,JSQ_d(2),SITA
0.800000,37.410914,62.449823,35.220647,51.660955,43.562729,81.102461
0.980000,104.932199,135.981978,56.795013,114.842306,68.966959,515.450337
g=Some(1.0)
0.800000,34.861834,44.007261,35.342833,42.385749,39.210501,45.232116
0.980000,70.108082,77.899337,62.856639,74.515677,67.965743,83.692441
g=Some(2.0)
0.800000,35.399320,49.132870,35.401167,46.124567,41.219900,54.185244
0.980000,73.660753,88.835307,59.557951,82.567160,69.308435,117.450283
g=Some(4.0)
0.800000,36.100151,53.319355,35.362815,50.421658,42.216785,64.042832
0.980000,77.560677,98.888738,59.574684,91.559678,69.879871,186.429775
Bimodal(1.0, 1000.0, 0.9995) 4
g: "Set further on", k: 10, Mean: 1.499499999999945, C^2: 221.81496299588213
g=None
,LWL,Random,JSQ,RR,JSQ_d(2),Split
0.800000,94.877145,32.724125,17.602107,27.088175,21.804784,43.382678
0.980000,576.704506,75.479685,28.607189,64.466731,35.562892,268.300568
g=Some(1.0)
0.800000,17.234813,19.596185,17.412701,20.221792,18.443743,18.466813
0.980000,27.249906,32.183574,28.251039,31.613692,30.658817,29.621216
g=Some(2.0)
0.800000,16.981135,21.524444,17.463975,22.781675,19.565086,20.875644
0.980000,26.665764,36.375126,28.623176,37.713255,31.819085,32.055713
g=Some(4.0)
0.800000,17.861834,24.598202,17.745938,25.727084,20.673539,28.322563
0.980000,27.091066,43.272254,28.411550,46.578216,33.285894,38.932406
BoundedPareto(1.5, 1000000.0) 4
g: "Set further on", k: 10, Mean: 2.9970000029970003, C^2: 332.667
g=None
,LWL,Random,JSQ,RR,JSQ_d(2),SITA
0.800000,38.934650,63.295046,35.724840,53.395194,44.144098,81.844213
0.980000,131.189466,125.737786,57.641199,104.371603,70.108107,516.174056
g=Some(1.0)
0.800000,35.491554,44.486516,35.914235,42.880039,39.715968,45.804874
0.980000,72.402722,79.308371,63.719770,76.566082,70.101627,83.703332
g=Some(2.0)
0.800000,36.177519,49.678939,36.002944,46.569374,41.710380,54.865696
0.980000,76.432845,91.150138,60.654002,84.432971,70.303718,119.113757
g=Some(4.0)
0.800000,37.013068,53.770061,35.999917,51.115971,42.819077,64.961707
0.980000,81.262777,101.540531,60.991567,93.028171,71.397996,191.964635
Bimodal(1.0, 1000.0, 0.9995) 5
g: "Set further on", k: 10, Mean: 1.499499999999945, C^2: 221.81496299588213
g=None
,LWL,Random,JSQ,RR,JSQ_d(2),Split
0.800000,80.637160,32.709223,17.284002,25.973732,21.361702,41.652482
0.980000,537.650423,76.920307,25.299238,65.705299,31.848090,265.036308
g=Some(1.0)
0.800000,16.946205,19.287935,17.115580,19.897429,18.118717,18.212566
0.980000,24.562063,28.818820,25.117109,28.620232,27.092173,26.667041
g=Some(2.0)
0.800000,16.676115,21.062772,17.219641,22.165496,19.216538,20.552728
0.980000,24.097645,32.411421,25.302433,33.684516,28.106170,28.886748
g=Some(4.0)
0.800000,17.512123,24.184407,17.417573,24.100767,20.294858,27.977239
0.980000,25.011721,37.931169,25.786252,39.838181,29.874208,35.368899
BoundedPareto(1.5, 1000000.0) 5
g: "Set further on", k: 10, Mean: 2.9970000029970003, C^2: 332.667
g=None
,LWL,Random,JSQ,RR,JSQ_d(2),SITA
0.800000,38.751912,62.754894,35.283033,51.683325,43.561368,80.667954
0.980000,116.632169,121.336304,55.977632,102.223260,67.920181,506.146222
g=Some(1.0)
0.800000,35.055312,44.106348,35.484687,42.535599,39.305327,45.386432
0.980000,69.262184,76.213128,61.817275,73.462734,66.986236,81.475755
g=Some(2.0)
0.800000,35.661553,49.125458,35.482872,46.209726,41.313930,54.361286
0.980000,74.107211,87.274975,58.839035,80.321331,68.288166,115.753583
g=Some(4.0)
0.800000,36.437667,53.402769,35.501003,50.716253,42.311790,64.411623
0.980000,78.190647,96.905243,58.450982,88.341770,68.790540,181.431535
Bimodal(1.0, 1000.0, 0.9995) 6
g: "Set further on", k: 10, Mean: 1.499499999999945, C^2: 221.81496299588213
g=None
,LWL,Random,JSQ,RR,JSQ_d(2),Split
0.800000,115.251584,35.399118,18.544084,29.401740,22.964137,47.022127
0.980000,667.728959,91.901470,34.646354,88.872222,41.441469,261.384598
g=Some(1.0)
0.800000,18.155187,20.689773,18.344551,21.353872,19.483219,19.500693
0.980000,33.597729,37.982197,34.256430,37.542845,36.527705,35.629633
g=Some(2.0)
0.800000,17.852412,22.648002,18.409404,24.177533,20.593646,21.910152
0.980000,33.097758,43.081133,34.847073,43.385937,38.185540,37.857557
g=Some(4.0)
0.800000,18.778100,26.252201,18.740788,27.345125,21.769311,29.659258
0.980000,33.425441,51.404322,34.974933,54.108338,38.839796,44.328672
BoundedPareto(1.5, 1000000.0) 6
g: "Set further on", k: 10, Mean: 2.9970000029970003, C^2: 332.667
g=None
,LWL,Random,JSQ,RR,JSQ_d(2),SITA
0.800000,38.546073,63.108759,35.680872,52.576879,44.209787,80.564554
0.980000,146.192146,127.680685,58.187362,105.677440,70.865347,474.385697
g=Some(1.0)
0.800000,35.392994,44.414114,35.902566,42.745252,39.678866,45.646861
0.980000,73.181550,79.826372,64.466699,75.611610,70.056421,83.420707
g=Some(2.0)
0.800000,35.970758,49.645255,35.974535,46.387963,41.710126,54.701904
0.980000,76.154271,90.728163,61.130808,82.921340,70.716341,120.841048
g=Some(4.0)
0.800000,36.711539,53.885678,35.994530,50.765240,42.740801,64.515466
0.980000,83.716456,101.083717,60.504841,90.148926,71.465183,194.347410
Bimodal(1.0, 1000.0, 0.9995) 7
g: "Set further on", k: 10, Mean: 1.499499999999945, C^2: 221.81496299588213
g=None
,LWL,Random,JSQ,RR,JSQ_d(2),Split
0.800000,117.606705,34.407459,18.059425,28.639944,22.585653,47.985717
0.980000,664.251388,100.195032,35.783824,94.626214,44.011765,290.847318
g=Some(1.0)
0.800000,17.785287,20.291048,17.977438,20.936009,19.040294,19.071010
0.980000,34.573751,39.443609,35.328966,38.810524,37.817138,36.507521
g=Some(2.0)
0.800000,17.506736,22.118157,18.069445,23.478286,20.196271,21.466076
0.980000,33.893637,45.488109,36.240249,45.575885,39.706666,39.198140
g=Some(4.0)
0.800000,18.428140,25.372716,18.287000,26.951219,21.232624,29.168785
0.980000,33.937537,55.975584,35.984936,55.534655,41.128536,46.285969
BoundedPareto(1.5, 1000000.0) 7
g: "Set further on", k: 10, Mean: 2.9970000029970003, C^2: 332.667
g=None
,LWL,Random,JSQ,RR,JSQ_d(2),SITA
0.800000,36.329268,61.239771,34.623219,50.584668,42.714964,80.106400
0.980000,83.298188,115.989458,51.986892,97.705272,63.548897,560.196808
g=Some(1.0)
0.800000,34.218786,43.345525,34.712388,41.780139,38.613284,44.751255
0.980000,60.794082,69.700845,55.221877,66.596729,60.153429,75.569525
g=Some(2.0)
0.800000,34.696752,48.460951,34.770821,45.551556,40.606834,53.707471
0.980000,64.045463,79.866070,53.637858,72.669076,62.083492,106.967495
g=Some(4.0)
0.800000,35.295243,52.554461,34.775636,50.240859,41.590172,63.531018
0.980000,67.730213,88.744685,53.215742,80.000485,63.212533,162.288267
Bimodal(1.0, 1000.0, 0.9995) 8
g: "Set further on", k: 10, Mean: 1.499499999999945, C^2: 221.81496299588213
g=None
,LWL,Random,JSQ,RR,JSQ_d(2),Split
0.800000,117.848708,33.952445,18.131028,27.964993,22.408460,48.370581
0.980000,644.254162,107.455206,33.932542,79.830727,40.869316,289.339765
g=Some(1.0)
0.800000,17.821724,20.235012,17.993768,20.814601,19.072402,19.110124
0.980000,32.329724,37.817469,33.326373,37.287885,35.614821,34.815236
g=Some(2.0)
0.800000,17.572087,22.157141,18.148754,23.273374,20.200444,21.629611
0.980000,31.654933,42.288133,33.903946,43.375712,37.120949,37.373144
g=Some(4.0)
0.800000,18.661016,25.433919,18.377808,25.791843,21.324372,29.344786
0.980000,31.725045,51.327761,34.174045,52.715489,38.791811,43.958056
BoundedPareto(1.5, 1000000.0) 8
g: "Set further on", k: 10, Mean: 2.9970000029970003, C^2: 332.667
g=None
,LWL,Random,JSQ,RR,JSQ_d(2),SITA
0.800000,37.345131,62.459883,35.158610,51.245057,43.502960,80.882097
0.980000,110.159098,122.490245,55.303680,105.117417,67.817671,514.817226
g=Some(1.0)
0.800000,34.816227,43.967977,35.277370,42.327824,39.166644,45.332700
0.980000,67.989241,75.534880,60.808832,72.382887,65.524856,81.111589
g=Some(2.0)
0.800000,35.372419,49.090159,35.331201,46.156859,41.175425,54.213894
0.980000,71.858966,87.192209,57.913062,80.371973,67.186123,116.279677
g=Some(4.0)
0.800000,36.080964,53.229855,35.350722,50.786276,42.170530,64.351909
0.980000,76.597319,97.565142,57.603480,88.422279,68.246522,181.096483
Bimodal(1.0, 1000.0, 0.9995) 9
g: "Set further on", k: 10, Mean: 1.499499999999945, C^2: 221.81496299588213
g=None
,LWL,Random,JSQ,RR,JSQ_d(2),Split
0.800000,107.314304,35.586168,17.909288,27.396488,22.447985,43.414869
0.980000,668.480960,96.273343,38.195861,92.431473,44.842061,293.869085
g=Some(1.0)
0.800000,17.662002,20.126865,17.831541,20.780130,18.892216,18.973459
0.980000,35.806392,41.111023,36.638093,40.733154,39.079070,38.218869
g=Some(2.0)
0.800000,17.390502,21.999412,17.901567,23.348245,19.990785,21.370700
0.980000,35.141267,46.043905,36.915358,45.501230,40.288877,40.959098
g=Some(4.0)
0.800000,18.338596,25.034305,18.158433,25.646661,21.203384,28.691163
0.980000,35.459591,53.769744,37.301841,55.247022,41.469022,47.226608
BoundedPareto(1.5, 1000000.0) 9
g: "Set further on", k: 10, Mean: 2.9970000029970003, C^2: 332.667
g=None
,LWL,Random,JSQ,RR,JSQ_d(2),SITA
0.800000,36.826364,61.541924,34.894039,51.130458,43.053322,80.376457
0.980000,98.963327,120.887161,54.466018,101.795406,66.999326,565.575095
g=Some(1.0)
0.800000,34.492352,43.603309,34.972572,42.050345,38.811474,44.934613
0.980000,67.134150,74.759195,59.806994,71.229587,65.216139,80.125500
g=Some(2.0)
0.800000,35.011806,48.689220,35.029316,45.695855,40.856950,53.773788
0.980000,70.539002,84.958302,57.512243,78.121589,66.258267,112.338496
g=Some(4.0)
0.800000,35.625324,52.777231,35.040658,50.445763,41.848656,63.745368
0.980000,74.315845,94.867796,56.669227,85.507705,66.847999,177.058686
