time=1000000
Bimodal(1.0, 1000.0, 0.9995) 0
g: "Set further on", k: 10, Mean: 1.499499999999945, C^2: 221.81496299588213
g=None
,LWL,Random,JSQ,RR,JSQ_d(2),Split
0.800000,110.482724,33.243512,17.652827,28.188329,22.169745,45.152143
0.980000,632.026693,71.943615,30.607535,68.051320,37.458791,264.164699
g=Some(1.0)
0.800000,17.382346,19.796791,17.571610,20.348717,18.646310,18.662882
0.980000,29.897520,34.456223,30.576396,33.803361,32.626678,31.634901
g=Some(2.0)
0.800000,17.119876,21.606009,17.628694,22.767411,19.799821,21.261187
0.980000,29.393753,38.198502,31.207054,38.796247,33.605759,34.558520
g=Some(4.0)
0.800000,17.941885,24.759201,17.910147,25.004499,20.918235,28.837920
0.980000,29.839381,43.747550,31.375266,44.535748,35.316240,40.051850
BoundedPareto(1.5, 1000000.0) 0
g: "Set further on", k: 10, Mean: 2.9970000029970003, C^2: 332.667
g=None
,LWL,Random,JSQ,RR,JSQ_d(2),SITA
0.800000,37.901530,63.656721,35.657606,52.087649,44.188881,79.568710
0.980000,125.845810,123.718218,54.963544,98.693534,68.543113,516.467151
g=Some(1.0)
0.800000,35.256665,44.649864,35.856945,42.874875,39.694045,45.855644
0.980000,67.958992,75.613499,61.336384,72.202412,66.442823,81.470916
g=Some(2.0)
0.800000,35.812729,49.678037,35.979355,46.456762,41.778322,54.872224
0.980000,72.398366,87.078633,58.935662,81.468114,67.567599,115.793151
g=Some(4.0)
0.800000,36.458876,54.174745,35.937714,51.073560,42.859242,64.667493
0.980000,77.084779,97.190683,57.617960,87.252600,67.892139,175.783194
Bimodal(1.0, 1000.0, 0.9995) 1
g: "Set further on", k: 10, Mean: 1.499499999999945, C^2: 221.81496299588213
g=None
,LWL,Random,JSQ,RR,JSQ_d(2),Split
0.800000,117.938971,34.770585,18.275563,28.780596,22.949017,43.564311
0.980000,784.674362,87.351473,35.330466,73.822825,43.668112,264.274021
g=Some(1.0)
0.800000,18.025097,20.575507,18.226458,21.287073,19.356141,19.412391
0.980000,33.719275,39.267367,35.177060,37.814335,36.899088,36.008632
g=Some(2.0)
0.800000,17.755394,22.371120,18.340642,24.019731,20.357172,21.726937
0.980000,33.011608,44.505724,35.457510,44.855408,39.125815,38.980307
g=Some(4.0)
0.800000,18.871093,25.599288,18.585321,27.076027,21.595910,29.466179
0.980000,32.817219,51.743698,35.867191,52.985488,40.529439,45.219415
BoundedPareto(1.5, 1000000.0) 1
g: "Set further on", k: 10, Mean: 2.9970000029970003, C^2: 332.667
g=None
,LWL,Random,JSQ,RR,JSQ_d(2),SITA
0.800000,36.835631,61.854134,34.661006,50.662060,42.892296,80.605865
0.980000,94.095433,125.140710,53.115567,99.995460,64.962001,492.765765
g=Some(1.0)
0.800000,34.376691,43.479567,34.819799,41.757720,38.690300,44.566460
0.980000,62.707967,71.020479,56.690729,67.990504,62.151726,76.978595
g=Some(2.0)
0.800000,34.911988,48.324990,34.902366,45.358333,40.528787,53.447909
0.980000,66.482888,81.965031,54.614609,74.716267,63.605145,108.710136
g=Some(4.0)
0.800000,35.563486,52.417488,34.873215,49.931691,41.638407,63.162088
0.980000,70.561055,89.795950,54.730379,80.119736,64.682476,168.533014
Bimodal(1.0, 1000.0, 0.9995) 2
g: "Set further on", k: 10, Mean: 1.499499999999945, C^2: 221.81496299588213
g=None
,LWL,Random,JSQ,RR,JSQ_d(2),Split
0.800000,100.300928,34.713177,18.611670,27.960728,23.161106,47.586314
0.980000,724.515436,78.699740,37.603148,72.910476,45.392985,282.793939
g=Some(1.0)
0.800000,18.290785,20.957835,18.465625,21.622454,19.656054,19.685309
0.980000,36.542177,41.349315,37.432455,40.682357,39.950558,38.853963
g=Some(2.0)
0.800000,18.007991,22.914328,18.578733,24.975889,20.742118,22.209130
0.980000,35.771837,47.287646,38.061527,47.462274,41.348044,40.924779
g=Some(4.0)
0.800000,19.080087,26.325023,18.891213,27.777963,22.076188,30.360324
0.980000,35.794224,54.568557,37.362648,54.858527,42.437925,48.368951
BoundedPareto(1.5, 1000000.0) 2
g: "Set further on", k: 10, Mean: 2.9970000029970003, C^2: 332.667
g=None
,LWL,Random,JSQ,RR,JSQ_d(2),SITA
0.800000,38.139050,63.235778,35.239012,51.218581,43.312371,78.992765
0.980000,114.469646,122.844187,55.600919,99.490389,66.065507,493.826283
g=Some(1.0)
0.800000,34.949975,43.894205,35.396621,42.331654,39.265370,45.258783
0.980000,67.322577,73.935225,59.047529,71.738300,64.234971,79.638814
g=Some(2.0)
0.800000,35.478187,49.093985,35.467850,45.979128,41.180153,54.054470
0.980000,71.013149,84.576118,56.991541,77.920774,65.945352,113.225021
g=Some(4.0)
0.800000,36.154101,53.272623,35.465140,50.747318,42.336916,63.757129
0.980000,75.591591,93.875162,56.567144,85.503021,66.904044,178.258165
Bimodal(1.0, 1000.0, 0.9995) 3
g: "Set further on", k: 10, Mean: 1.499499999999945, C^2: 221.81496299588213
g=None
,LWL,Random,JSQ,RR,JSQ_d(2),Split
0.800000,93.562846,36.345437,18.134392,30.163869,22.420764,45.589507
0.980000,557.011660,73.689328,30.490270,70.239559,37.591087,265.306472
g=Some(1.0)
0.800000,17.804902,20.343829,17.966943,21.006573,19.046136,19.086477
0.980000,29.747254,34.349966,30.294176,34.101514,32.803391,31.525970
g=Some(2.0)
0.800000,17.509902,22.215939,18.002338,23.560402,20.154447,21.420464
0.980000,29.016003,39.208973,30.883173,39.061459,33.706229,34.509167
g=Some(4.0)
0.800000,18.426088,25.598004,18.181314,26.195649,21.505723,29.199738
0.980000,29.386601,44.576505,30.867024,46.732221,34.880417,40.851409
BoundedPareto(1.5, 1000000.0) 3
g: "Set further on", k: 10, Mean: 2.9970000029970003, C^2: 332.667
g=None
,LWL,Random,JSQ,RR,JSQ_d(2),SITA
0.800000,35.682087,60.615841,34.425258,49.830459,42.490916,80.636596
0.980000,80.046296,109.805597,51.116662,89.812424,63.855832,502.740406
g=Some(1.0)
0.800000,34.008138,43.175039,34.520800,41.314125,38.427352,44.357223
0.980000,58.832577,67.688215,54.030904,64.955318,58.777358,73.800646
g=Some(2.0)
0.800000,34.435436,48.036490,34.551047,45.206403,40.400942,53.405032
0.980000,61.966012,78.369458,52.082392,72.155140,60.698734,104.459201
g=Some(4.0)
0.800000,35.020787,52.241146,34.510287,49.155794,41.357917,63.519336
0.980000,65.609765,86.721031,52.211972,79.966543,61.542178,161.323907
Bimodal(1.0, 1000.0, 0.9995) 4
g: "Set further on", k: 10, Mean: 1.499499999999945, C^2: 221.81496299588213
g=None
,LWL,Random,JSQ,RR,JSQ_d(2),Split
0.800000,120.399495,35.791560,18.590866,29.324937,22.908996,44.986138
0.980000,641.692150,73.859971,31.031878,62.405300,38.151168,270.046670
g=Some(1.0)
0.800000,18.086820,20.664844,18.317620,21.226271,19.477879,19.441266
0.980000,29.941665,34.949366,31.188205,34.230905,33.408202,32.171223
g=Some(2.0)
0.800000,17.809204,22.744605,18.352083,24.319446,20.524179,21.781040
0.980000,29.325163,38.979137,31.239638,41.104827,34.374697,34.415388
g=Some(4.0)
0.800000,18.859995,25.778852,18.643605,27.038440,21.807093,29.494842
0.980000,29.484756,45.682528,30.906557,49.978013,35.688350,41.384478
BoundedPareto(1.5, 1000000.0) 4
g: "Set further on", k: 10, Mean: 2.9970000029970003, C^2: 332.667
g=None
,LWL,Random,JSQ,RR,JSQ_d(2),SITA
0.800000,36.483453,61.012547,34.531391,49.893198,42.603181,79.347195
0.980000,82.499242,110.900400,50.523625,93.297580,62.135682,518.119410
g=Some(1.0)
0.800000,34.189973,43.253532,34.697835,41.550232,38.586488,44.691455
0.980000,58.650326,67.228968,53.174496,64.304889,58.285493,73.011620
g=Some(2.0)
0.800000,34.661999,48.336809,34.741129,45.251111,40.459891,53.570751
0.980000,61.632278,77.435646,51.807159,71.311007,60.011580,102.862936
g=Some(4.0)
0.800000,35.330217,52.402382,34.671668,49.679667,41.535732,63.183310
0.980000,65.220332,86.433573,51.583286,76.694208,61.011851,154.968208
Bimodal(1.0, 1000.0, 0.9995) 5
g: "Set further on", k: 10, Mean: 1.499499999999945, C^2: 221.81496299588213
g=None
,LWL,Random,JSQ,RR,JSQ_d(2),Split
0.800000,80.030800,32.691172,17.643117,26.987474,21.801706,40.945262
0.980000,634.434373,69.064764,27.526161,59.473634,34.432743,254.118376
g=Some(1.0)
0.800000,17.258949,19.785593,17.424687,20.398061,18.494292,18.612398
0.980000,26.434019,31.072899,27.105937,30.764393,29.213150,28.652759
g=Some(2.0)
0.800000,16.972891,21.664819,17.508462,22.530071,19.590680,20.922827
0.980000,25.875877,34.743104,27.377888,36.585914,30.191114,30.982740
g=Some(4.0)
0.800000,17.878026,24.699951,17.735796,24.633472,20.832995,28.247496
0.980000,26.611619,40.736699,27.941408,42.574695,32.137419,37.634181
BoundedPareto(1.5, 1000000.0) 5
g: "Set further on", k: 10, Mean: 2.9970000029970003, C^2: 332.667
g=None
,LWL,Random,JSQ,RR,JSQ_d(2),SITA
0.800000,43.028131,64.231365,36.474717,53.569909,44.844474,82.531283
0.980000,161.428408,122.082993,60.279311,102.223260,72.217518,502.831663
g=Some(1.0)
0.800000,36.474120,45.394527,36.756746,43.973302,40.560110,46.805453
0.980000,80.630785,84.647548,70.373648,81.431126,74.945365,88.731274
g=Some(2.0)
0.800000,37.306237,50.513963,36.729526,47.731335,42.579281,55.852838
0.980000,86.609191,95.725357,65.752706,89.522790,76.045341,126.430810
g=Some(4.0)
0.800000,38.397667,55.184681,36.740808,52.165243,43.610917,66.181806
0.980000,91.680494,106.128270,64.755803,97.771556,76.220189,202.674742
Bimodal(1.0, 1000.0, 0.9995) 6
g: "Set further on", k: 10, Mean: 1.499499999999945, C^2: 221.81496299588213
g=None
,LWL,Random,JSQ,RR,JSQ_d(2),Split
0.800000,110.555134,35.266938,18.321427,28.228404,22.665233,44.828705
0.980000,666.005600,68.088053,33.364978,62.164590,39.678686,241.550992
g=Some(1.0)
0.800000,17.836450,20.355074,18.015038,20.933131,19.152481,19.219289
0.980000,32.852250,36.116852,33.412160,35.963805,34.934910,34.235707
g=Some(2.0)
0.800000,17.577845,22.301189,18.064997,24.103250,20.271581,21.578743
0.980000,32.223134,40.271165,33.462540,41.054070,36.188111,35.955725
g=Some(4.0)
0.800000,18.677232,25.839944,18.312592,27.167743,21.327018,29.266632
0.980000,32.471671,47.943567,33.450697,48.405661,37.244017,42.773669
BoundedPareto(1.5, 1000000.0) 6
g: "Set further on", k: 10, Mean: 2.9970000029970003, C^2: 332.667
g=None
,LWL,Random,JSQ,RR,JSQ_d(2),SITA
0.800000,36.611125,60.924115,34.737807,50.555092,42.713063,78.587420
0.980000,93.197403,112.784368,51.528579,87.554930,62.462055,447.164766
g=Some(1.0)
0.800000,34.334251,43.268670,34.814038,41.613566,38.697481,44.437652
0.980000,62.346454,70.220673,56.497961,66.168241,61.302759,75.470664
g=Some(2.0)
0.800000,34.824634,48.440859,34.912480,45.035323,40.682731,53.198784
0.980000,65.353124,80.667736,54.369936,73.384292,62.746133,106.245573
g=Some(4.0)
0.800000,35.433281,52.390213,34.919635,49.568277,41.551231,62.302359
0.980000,68.880919,89.824342,53.607638,78.861702,63.402521,157.668820
Bimodal(1.0, 1000.0, 0.9995) 7
g: "Set further on", k: 10, Mean: 1.499499999999945, C^2: 221.81496299588213
g=None
,LWL,Random,JSQ,RR,JSQ_d(2),Split
0.800000,95.826171,31.643720,17.479946,27.052257,21.725089,39.870356
0.980000,559.875767,64.981120,27.727037,65.826188,34.517125,265.122747
g=Some(1.0)
0.800000,17.186603,19.582195,17.392324,19.993798,18.368885,18.388180
0.980000,26.898313,31.302499,27.464195,31.109254,29.530230,28.972271
g=Some(2.0)
0.800000,16.884786,21.253307,17.481585,22.320290,19.544256,20.725745
0.980000,26.385944,34.981220,27.698374,35.820685,30.547733,31.200222
g=Some(4.0)
0.800000,17.577811,24.431163,17.685710,23.761068,20.470024,27.964300
0.980000,27.039662,41.001915,27.728740,41.751750,31.494550,37.498244
BoundedPareto(1.5, 1000000.0) 7
g: "Set further on", k: 10, Mean: 2.9970000029970003, C^2: 332.667
g=None
,LWL,Random,JSQ,RR,JSQ_d(2),SITA
0.800000,36.850608,62.074735,35.009184,51.430614,43.352676,79.125975
0.980000,97.978018,118.936702,54.036042,97.250951,65.543823,576.015848
g=Some(1.0)
0.800000,34.607864,43.793036,35.170556,42.130801,39.055971,45.155016
0.980000,65.199075,73.157215,58.195712,69.642674,63.389453,79.030451
g=Some(2.0)
0.800000,35.149343,48.968236,35.198600,46.137333,41.127917,54.108900
0.980000,69.088644,83.765096,56.437158,75.760195,65.317063,111.469660
g=Some(4.0)
0.800000,35.757619,53.201337,35.179774,50.852050,42.143982,64.014840
0.980000,73.452443,93.761510,56.000250,83.786065,65.983189,172.030047
Bimodal(1.0, 1000.0, 0.9995) 8
g: "Set further on", k: 10, Mean: 1.499499999999945, C^2: 221.81496299588213
g=None
,LWL,Random,JSQ,RR,JSQ_d(2),Split
0.800000,97.740010,31.793682,17.293554,25.536998,21.426097,40.184954
0.980000,527.400398,67.063119,24.608613,53.098744,30.507717,255.176420
g=Some(1.0)
0.800000,17.152773,19.372673,17.304864,19.848284,18.253202,18.311601
0.980000,23.597994,28.146787,24.132905,27.568697,26.390535,25.658166
g=Some(2.0)
0.800000,16.895640,21.009660,17.373793,22.271341,19.342148,20.691995
0.980000,23.125614,31.538985,24.526280,32.474965,27.139743,27.993074
g=Some(4.0)
0.800000,17.727604,24.060937,17.622913,23.955778,20.424288,27.667486
0.980000,24.066153,37.006627,24.616048,38.103361,28.458609,34.324147
BoundedPareto(1.5, 1000000.0) 8
g: "Set further on", k: 10, Mean: 2.9970000029970003, C^2: 332.667
g=None
,LWL,Random,JSQ,RR,JSQ_d(2),SITA
0.800000,39.661434,64.422942,36.408689,53.613931,45.141345,82.489959
0.980000,148.547529,122.511430,57.673834,105.117417,70.138475,527.946669
g=Some(1.0)
0.800000,36.196475,45.306054,36.603255,43.694773,40.471198,46.677006
0.980000,78.164423,83.052988,67.949388,79.034763,72.765589,87.172802
g=Some(2.0)
0.800000,36.877371,50.691144,36.688469,47.475758,42.607737,55.763654
0.980000,83.275185,97.212401,63.246041,89.056649,73.958285,125.471036
g=Some(4.0)
0.800000,37.759347,55.054012,36.720254,51.991220,43.656021,66.488956
0.980000,89.598866,106.922098,63.308247,97.224905,76.024454,204.202971
Bimodal(1.0, 1000.0, 0.9995) 9
g: "Set further on", k: 10, Mean: 1.499499999999945, C^2: 221.81496299588213
g=None
,LWL,Random,JSQ,RR,JSQ_d(2),Split
0.800000,85.398696,32.450388,17.473505,25.457229,21.843983,40.440713
0.980000,514.959819,60.771709,27.253726,50.631140,34.087138,246.478100
g=Some(1.0)
0.800000,17.199220,19.568181,17.347484,20.218501,18.372414,18.510916
0.980000,26.223434,30.711714,26.848633,30.587332,29.163952,28.479561
g=Some(2.0)
0.800000,16.936354,21.316762,17.408036,22.952268,19.507984,20.810080
0.980000,25.734188,34.951168,27.198002,34.075395,30.423826,30.986679
g=Some(4.0)
0.800000,17.817935,24.412556,17.623095,24.735598,20.622314,27.487977
0.980000,26.363977,40.021124,27.804467,41.857792,31.415534,37.076923
BoundedPareto(1.5, 1000000.0) 9
g: "Set further on", k: 10, Mean: 2.9970000029970003, C^2: 332.667
g=None
,LWL,Random,JSQ,RR,JSQ_d(2),SITA
0.800000,34.517574,58.483382,33.530722,47.957250,41.306649,77.509057
0.980000,65.908497,116.158185,47.419751,92.337962,59.298255,484.578719
g=Some(1.0)
0.800000,33.087731,42.143141,33.599037,40.549431,37.445721,43.368196
0.980000,52.251794,62.975317,49.016264,59.721131,53.994403,68.585713
g=Some(2.0)
0.800000,33.479537,46.940490,33.627315,43.933413,39.397719,52.081755
0.980000,54.937823,72.438270,48.049466,65.790349,56.074891,97.917328
g=Some(4.0)
0.800000,33.928434,50.873853,33.645383,48.234138,40.298500,61.946209
0.980000,57.869867,80.708399,48.933225,72.975392,57.145650,148.177826
Bimodal(1.0, 1000.0, 0.9995) 10
g: "Set further on", k: 10, Mean: 1.499499999999945, C^2: 221.81496299588213
g=None
,LWL,Random,JSQ,RR,JSQ_d(2),Split
0.800000,105.244662,32.026368,17.304655,31.206989,21.487572,44.062497
0.980000,547.486497,67.257999,29.780540,64.986397,35.937789,258.377725
g=Some(1.0)
0.800000,16.954760,19.221491,17.124490,19.701737,18.128713,18.170757
0.980000,29.413287,32.857436,29.795978,32.085469,31.774221,30.772972
g=Some(2.0)
0.800000,16.693183,21.093689,17.087391,21.880840,19.214842,20.658766
0.980000,28.944314,36.597041,29.947217,36.448559,32.621810,32.596730
g=Some(4.0)
0.800000,17.562318,24.016885,17.437993,23.638205,20.432757,27.977620
0.980000,29.095976,43.753628,30.426225,42.789046,33.533225,38.165686
BoundedPareto(1.5, 1000000.0) 10
g: "Set further on", k: 10, Mean: 2.9970000029970003, C^2: 332.667
g=None
,LWL,Random,JSQ,RR,JSQ_d(2),SITA
0.800000,37.207927,63.358996,35.204967,51.883939,43.702101,81.760070
0.980000,107.612591,120.209509,57.921636,97.194601,68.371189,560.108243
g=Some(1.0)
0.800000,34.849110,44.073376,35.342071,42.384376,39.265887,45.133848
0.980000,72.901113,77.654932,62.782698,73.775158,66.941047,82.809576
g=Some(2.0)
0.800000,35.380232,49.234346,35.398944,46.228515,41.372930,54.182703
0.980000,76.573797,87.135306,59.188746,82.656969,69.695339,116.663033
g=Some(4.0)
0.800000,36.115744,53.456102,35.426615,51.112890,42.371291,64.244937
0.980000,79.976543,98.204657,58.731399,88.406750,69.476883,179.536686
Bimodal(1.0, 1000.0, 0.9995) 11
g: "Set further on", k: 10, Mean: 1.499499999999945, C^2: 221.81496299588213
g=None
,LWL,Random,JSQ,RR,JSQ_d(2),Split
0.800000,48.653750,31.350363,17.036787,23.927350,21.345724,41.558867
0.980000,513.179056,61.505223,25.176243,41.488353,31.066152,282.260657
g=Some(1.0)
0.800000,16.740550,19.122337,16.934627,19.753988,17.910941,17.981584
0.980000,24.383255,28.638117,24.974646,28.322528,26.915949,26.689194
g=Some(2.0)
0.800000,16.434510,20.695285,16.968819,21.649281,19.041616,20.525871
0.980000,23.896422,32.651689,25.189659,32.847801,28.242162,28.720518
g=Some(4.0)
0.800000,17.098131,23.837064,17.199067,23.887763,20.088805,27.904039
0.980000,24.759655,37.517512,25.535321,39.975978,29.366746,35.625244
BoundedPareto(1.5, 1000000.0) 11
g: "Set further on", k: 10, Mean: 2.9970000029970003, C^2: 332.667
g=None
,LWL,Random,JSQ,RR,JSQ_d(2),SITA
0.800000,40.288461,62.372130,35.604401,51.397013,43.668611,80.928184
0.980000,117.886371,113.161708,53.890769,92.619286,67.316423,513.821296
g=Some(1.0)
0.800000,35.414441,44.491315,35.796086,42.694440,39.734294,45.728927
0.980000,67.673698,75.747195,60.018105,71.472495,66.620377,80.992411
g=Some(2.0)
0.800000,36.151043,49.487490,35.857445,46.630294,41.592505,54.910058
0.980000,71.083598,85.184972,57.683351,78.718429,67.069316,115.274119
g=Some(4.0)
0.800000,36.817660,53.840141,35.830031,51.149596,42.551154,64.220105
0.980000,74.089974,95.608890,57.127752,86.843548,68.326950,179.362375
Bimodal(1.0, 1000.0, 0.9995) 12
g: "Set further on", k: 10, Mean: 1.499499999999945, C^2: 221.81496299588213
g=None
,LWL,Random,JSQ,RR,JSQ_d(2),Split
0.800000,83.332563,30.102932,17.402318,26.919609,21.532974,40.916600
0.980000,475.859073,54.340444,26.147897,50.558735,32.555044,251.135613
g=Some(1.0)
0.800000,17.084277,19.497937,17.242126,20.023494,18.266395,18.250270
0.980000,25.558515,29.874029,26.036670,29.258626,28.208146,27.278830
g=Some(2.0)
0.800000,16.836897,21.158291,17.263743,22.631980,19.378990,20.764609
0.980000,25.170148,33.022846,26.577026,33.954424,28.866486,29.588544
g=Some(4.0)
0.800000,17.658007,24.006762,17.618749,24.608193,20.569627,27.806872
0.980000,26.014429,38.764379,26.992099,40.763764,30.329485,36.449787
BoundedPareto(1.5, 1000000.0) 12
g: "Set further on", k: 10, Mean: 2.9970000029970003, C^2: 332.667
g=None
,LWL,Random,JSQ,RR,JSQ_d(2),SITA
0.800000,37.480785,62.246813,35.061035,51.449179,43.396689,81.909041
0.980000,94.386478,107.945818,53.072762,93.499797,64.555981,513.144862
g=Some(1.0)
0.800000,34.776648,43.972537,35.214076,42.501637,39.153243,45.422731
0.980000,62.627288,70.874017,56.765541,68.051581,62.154631,77.519996
g=Some(2.0)
0.800000,35.368505,49.036792,35.283617,46.029111,41.175659,54.198288
0.980000,65.856073,81.470324,54.765934,74.152120,63.855927,110.206754
g=Some(4.0)
0.800000,36.058946,53.179112,35.280663,50.402750,42.085149,64.664641
0.980000,70.746832,91.282888,54.864847,80.099742,64.700670,168.304471
Bimodal(1.0, 1000.0, 0.9995) 13
g: "Set further on", k: 10, Mean: 1.499499999999945, C^2: 221.81496299588213
g=None
,LWL,Random,JSQ,RR,JSQ_d(2),Split
0.800000,86.301440,33.926606,17.622172,25.018214,21.846372,40.737222
0.980000,679.900047,78.936012,27.344889,48.782657,34.275630,282.984307
g=Some(1.0)
0.800000,17.296953,19.724459,17.462255,20.188784,18.548189,18.546035
0.980000,26.936569,30.552818,27.359112,30.147026,29.217374,28.764468
g=Some(2.0)
0.800000,17.023331,21.385749,17.568658,22.379920,19.665940,20.993914
0.980000,26.447542,34.589456,27.721985,35.353489,30.366101,30.956571
g=Some(4.0)
0.800000,17.807602,24.897395,17.713966,25.282503,20.671911,28.084352
0.980000,27.028731,40.095933,27.988487,43.809841,31.333087,37.448631
BoundedPareto(1.5, 1000000.0) 13
g: "Set further on", k: 10, Mean: 2.9970000029970003, C^2: 332.667
g=None
,LWL,Random,JSQ,RR,JSQ_d(2),SITA
0.800000,34.774858,58.387904,33.409084,47.715330,41.124467,76.052724
0.980000,69.911801,112.441715,47.967701,91.196303,59.408815,504.794044
g=Some(1.0)
0.800000,33.033823,41.983800,33.527346,40.266353,37.421357,43.100148
0.980000,55.304177,64.345979,50.679013,61.128351,55.625079,69.816539
g=Some(2.0)
0.800000,33.387892,46.784367,33.579151,43.913378,39.313797,51.649288
0.980000,58.161443,74.299347,49.491522,66.987431,57.617882,98.232459
g=Some(4.0)
0.800000,33.828180,50.744482,33.506184,48.488659,40.251838,61.016574
0.980000,60.825082,81.598368,49.227905,73.326419,58.658572,147.458446
Bimodal(1.0, 1000.0, 0.9995) 14
g: "Set further on", k: 10, Mean: 1.499499999999945, C^2: 221.81496299588213
g=None
,LWL,Random,JSQ,RR,JSQ_d(2),Split
0.800000,74.389696,31.669940,17.153706,25.845845,21.350353,41.935707
0.980000,591.482950,74.700263,27.561086,61.645058,34.257618,243.484131
g=Some(1.0)
0.800000,16.902280,19.266902,17.053871,19.828211,18.072977,18.154542
0.980000,26.491969,31.038336,27.211030,30.915825,29.554340,28.549914
g=Some(2.0)
0.800000,16.621151,21.032742,17.110972,22.429100,19.176369,20.472651
0.980000,25.967315,34.875626,27.745417,36.186710,30.615764,30.569726
g=Some(4.0)
0.800000,17.365155,24.015591,17.337796,24.461025,20.163341,27.823080
0.980000,26.515470,40.451842,28.191765,42.943043,32.291569,37.981007
BoundedPareto(1.5, 1000000.0) 14
g: "Set further on", k: 10, Mean: 2.9970000029970003, C^2: 332.667
g=None
,LWL,Random,JSQ,RR,JSQ_d(2),SITA
0.800000,37.981950,62.984634,35.610408,52.265390,44.216366,81.272165
0.980000,117.974247,126.462276,56.642394,109.119107,70.354048,522.682212
g=Some(1.0)
0.800000,35.295719,44.533509,35.834984,42.855930,39.598461,45.795872
0.980000,67.890635,74.869967,61.478806,72.317621,65.616682,82.274204
g=Some(2.0)
0.800000,35.900570,49.654927,35.855654,46.543183,41.691894,54.523957
0.980000,72.385968,87.547914,58.715103,80.715541,67.721003,117.703520
g=Some(4.0)
0.800000,36.625704,53.945299,35.901487,51.756606,42.735224,64.112810
0.980000,78.167622,97.554455,58.389851,87.671644,68.426642,183.742724
Bimodal(1.0, 1000.0, 0.9995) 15
g: "Set further on", k: 10, Mean: 1.499499999999945, C^2: 221.81496299588213
g=None
,LWL,Random,JSQ,RR,JSQ_d(2),Split
0.800000,131.909323,33.066727,18.379939,31.009680,22.893777,44.174651
0.980000,722.427067,76.140457,38.587652,72.387924,44.636494,304.483763
g=Some(1.0)
0.800000,18.074668,20.677673,18.262193,21.499020,19.419230,19.464796
0.980000,36.758678,41.551503,37.896676,41.843573,40.504822,39.424505
g=Some(2.0)
0.800000,17.855410,22.754478,18.467349,24.552059,20.558724,21.875629
0.980000,35.914909,46.852639,38.221338,46.315636,41.474919,41.592116
g=Some(4.0)
0.800000,19.078054,26.167845,18.662595,28.379979,21.847719,29.837829
0.980000,36.030534,53.551099,38.319216,54.912345,41.976051,48.102928
BoundedPareto(1.5, 1000000.0) 15
g: "Set further on", k: 10, Mean: 2.9970000029970003, C^2: 332.667
g=None
,LWL,Random,JSQ,RR,JSQ_d(2),SITA
0.800000,48.715896,65.723763,40.139731,54.804238,47.295231,83.848534
0.980000,273.021302,141.189280,64.090843,122.490047,73.298288,612.879724
g=Some(1.0)
0.800000,40.026710,48.754753,40.263378,46.996622,44.079200,50.301983
0.980000,80.730270,87.541271,71.427455,83.771029,76.411170,91.233368
g=Some(2.0)
0.800000,41.140306,55.055633,40.400795,51.141495,46.362977,60.728587
0.980000,86.521620,98.708731,67.610832,90.157892,77.912669,132.292201
g=Some(4.0)
0.800000,42.445058,60.039980,40.450663,55.517250,47.660733,71.577364
0.980000,95.240474,111.072532,68.207745,103.654121,78.506191,225.239356
Bimodal(1.0, 1000.0, 0.9995) 16
g: "Set further on", k: 10, Mean: 1.499499999999945, C^2: 221.81496299588213
g=None
,LWL,Random,JSQ,RR,JSQ_d(2),Split
0.800000,154.787243,37.095399,19.396870,30.825453,24.448233,50.165229
0.980000,776.494934,88.422724,48.905421,84.051855,54.548514,254.924234
g=Some(1.0)
0.800000,19.084530,22.022440,19.328053,22.504070,20.676451,20.512188
0.980000,47.655891,50.247286,48.139708,49.824896,49.495502,49.581705
g=Some(2.0)
0.800000,18.847969,24.029681,19.491430,25.210462,21.668228,23.139064
0.980000,46.780986,53.521777,48.395869,54.403995,50.143580,50.459781
g=Some(4.0)
0.800000,20.280681,27.478079,19.765530,29.961688,22.929366,31.462694
0.980000,46.443850,60.252253,47.541144,58.760105,51.755114,53.860208
BoundedPareto(1.5, 1000000.0) 16
g: "Set further on", k: 10, Mean: 2.9970000029970003, C^2: 332.667
g=None
,LWL,Random,JSQ,RR,JSQ_d(2),SITA
0.800000,34.786036,58.957527,34.003618,49.031626,41.939538,79.225954
0.980000,70.868004,110.482595,49.473625,91.226916,60.794825,582.286890
g=Some(1.0)
0.800000,33.467055,42.519569,33.989331,40.917071,37.896091,43.797687
0.980000,56.400102,65.951857,51.789969,62.933728,56.730283,72.567362
g=Some(2.0)
0.800000,33.859783,47.461383,34.068992,44.336348,39.835521,52.712318
0.980000,59.505645,75.721517,50.538794,68.865962,58.777936,101.349255
g=Some(4.0)
0.800000,34.296874,51.490659,34.002352,49.521605,40.902653,62.345915
0.980000,62.276820,84.158280,50.540102,77.198942,59.910403,153.559471
Bimodal(1.0, 1000.0, 0.9995) 17
g: "Set further on", k: 10, Mean: 1.499499999999945, C^2: 221.81496299588213
g=None
,LWL,Random,JSQ,RR,JSQ_d(2),Split
0.800000,99.633298,35.800860,18.486127,28.891920,22.965079,45.004658
0.980000,774.030338,81.285952,38.711492,72.228389,46.075438,278.202769
g=Some(1.0)
0.800000,18.084764,20.763898,18.281312,21.455890,19.486516,19.532776
0.980000,38.204514,42.750083,38.859353,41.595874,41.730450,40.133483
g=Some(2.0)
0.800000,17.780653,22.807610,18.395319,24.596568,20.594092,22.010220
0.980000,37.400212,47.539624,39.665761,46.394759,42.611487,42.798185
g=Some(4.0)
0.800000,18.852567,25.862247,18.738981,28.162814,21.921412,29.834777
0.980000,37.066989,54.924640,39.216207,52.965880,43.177556,47.766756
BoundedPareto(1.5, 1000000.0) 17
g: "Set further on", k: 10, Mean: 2.9970000029970003, C^2: 332.667
g=None
,LWL,Random,JSQ,RR,JSQ_d(2),SITA
0.800000,36.769150,61.406389,34.907395,50.786588,42.842762,81.720921
0.980000,120.325835,119.373442,56.045175,102.632706,67.471346,594.478318
g=Some(1.0)
0.800000,34.360919,43.382512,34.973399,41.884185,38.638846,44.894900
0.980000,70.805633,78.174959,63.303925,75.306737,68.158671,83.075195
g=Some(2.0)
0.800000,34.898354,48.533827,35.048887,45.625248,40.701261,53.651149
0.980000,74.339849,89.100869,60.146567,81.518244,68.860895,117.011723
g=Some(4.0)
0.800000,35.487268,52.594106,35.037020,50.117170,41.646992,63.458509
0.980000,79.562303,98.756294,59.354168,88.045647,70.085887,182.326363
Bimodal(1.0, 1000.0, 0.9995) 18
g: "Set further on", k: 10, Mean: 1.499499999999945, C^2: 221.81496299588213
g=None
,LWL,Random,JSQ,RR,JSQ_d(2),Split
0.800000,107.307137,32.796032,18.055020,29.492224,22.313618,42.237972
0.980000,677.348808,65.887832,28.819673,56.389069,35.453588,241.023726
g=Some(1.0)
0.800000,17.739426,20.224846,17.958694,20.802915,19.010019,19.053144
0.980000,28.035496,31.952749,28.766526,31.042026,30.999655,30.141198
g=Some(2.0)
0.800000,17.486504,22.128336,17.974468,23.270011,20.083892,21.419685
0.980000,27.504834,36.194388,29.256436,37.384982,31.597253,31.957408
g=Some(4.0)
0.800000,18.437847,25.087670,18.292022,26.340755,21.383746,28.848330
0.980000,27.925148,43.022659,29.395600,43.294425,33.495153,39.073514
BoundedPareto(1.5, 1000000.0) 18
g: "Set further on", k: 10, Mean: 2.9970000029970003, C^2: 332.667
g=None
,LWL,Random,JSQ,RR,JSQ_d(2),SITA
0.800000,37.054775,62.394205,35.343390,51.695916,43.532802,81.603068
0.980000,111.991585,113.582289,54.537271,98.174604,64.947581,558.692024
g=Some(1.0)
0.800000,34.891805,44.226179,35.377862,42.498543,39.290903,45.345768
0.980000,69.590561,76.500227,61.649939,73.026381,67.582345,80.890661
g=Some(2.0)
0.800000,35.402667,49.256807,35.435927,46.120769,41.307730,54.458960
0.980000,74.007674,87.411244,58.079653,77.576338,66.991560,115.261087
g=Some(4.0)
0.800000,36.056795,53.485888,35.513429,51.270765,42.325197,64.205831
0.980000,77.817381,98.029169,58.471092,86.408051,68.496738,183.013527
Bimodal(1.0, 1000.0, 0.9995) 19
g: "Set further on", k: 10, Mean: 1.499499999999945, C^2: 221.81496299588213
g=None
,LWL,Random,JSQ,RR,JSQ_d(2),Split
0.800000,90.659533,34.238417,17.954316,28.375107,22.307627,44.199157
0.980000,592.419612,68.031673,29.962547,60.868285,36.512649,272.353977
g=Some(1.0)
0.800000,17.684016,20.200167,17.915681,20.941811,19.010483,19.058779
0.980000,29.096301,33.555747,29.565678,32.693231,32.273137,31.449296
g=Some(2.0)
0.800000,17.419562,22.081399,17.992591,23.644297,20.178797,21.768064
0.980000,28.438792,37.814143,30.335599,37.713790,32.697787,33.572386
g=Some(4.0)
0.800000,18.421526,25.585469,18.284497,26.350536,21.245527,29.250667
0.980000,28.814487,43.956344,30.325364,47.635801,33.998241,40.209978
BoundedPareto(1.5, 1000000.0) 19
g: "Set further on", k: 10, Mean: 2.9970000029970003, C^2: 332.667
g=None
,LWL,Random,JSQ,RR,JSQ_d(2),SITA
0.800000,39.187812,63.844632,36.207761,52.818369,44.705798,82.030942
0.980000,119.807501,124.961439,57.786783,101.936999,69.442658,607.195974
g=Some(1.0)
0.800000,35.900858,45.042774,36.322305,43.619145,40.194990,46.393785
0.980000,74.355756,79.834143,65.005263,76.958186,69.776775,85.185980
g=Some(2.0)
0.800000,36.468270,50.418671,36.380285,47.194405,42.262455,55.509687
0.980000,79.256033,91.758808,61.569068,81.845814,71.818250,120.267496
g=Some(4.0)
0.800000,37.228775,54.693918,36.479353,51.799132,43.358497,65.165031
0.980000,84.296168,102.208362,61.198093,92.027892,72.096908,186.954118
Bimodal(1.0, 1000.0, 0.9995) 20
g: "Set further on", k: 10, Mean: 1.499499999999945, C^2: 221.81496299588213
g=None
,LWL,Random,JSQ,RR,JSQ_d(2),Split
0.800000,114.371059,32.062632,17.663846,26.650014,22.077288,41.218765
0.980000,781.569801,71.076971,31.043849,66.456680,38.962651,244.461431
g=Some(1.0)
0.800000,17.426774,19.816459,17.594399,20.489027,18.616009,18.748841
0.980000,29.036634,33.721559,30.389746,33.133343,32.242616,31.018004
g=Some(2.0)
0.800000,17.203166,21.802296,17.584316,22.739030,19.798265,21.163561
0.980000,28.367187,40.211371,30.829187,40.082051,34.142461,34.094930
g=Some(4.0)
0.800000,18.221349,25.014579,17.989361,25.001115,20.957369,28.695465
0.980000,28.560319,45.162676,30.890046,47.136798,35.378536,41.618718
BoundedPareto(1.5, 1000000.0) 20
g: "Set further on", k: 10, Mean: 2.9970000029970003, C^2: 332.667
g=None
,LWL,Random,JSQ,RR,JSQ_d(2),SITA
0.800000,34.957666,60.494628,34.200835,49.767739,42.306046,79.091329
0.980000,76.265398,113.315396,49.037323,94.310126,59.980406,583.184799
g=Some(1.0)
0.800000,33.621774,42.820967,34.343670,41.254625,38.171916,44.146025
0.980000,55.151011,64.934853,51.420152,61.970008,56.255519,72.185133
g=Some(2.0)
0.800000,33.986438,47.949069,34.354906,44.946777,40.204593,53.110406
0.980000,58.135166,75.962953,50.182750,68.314255,58.487622,102.855311
g=Some(4.0)
0.800000,34.398639,52.002330,34.346101,49.697214,41.189253,62.537466
0.980000,61.487375,84.435626,50.084949,76.309165,59.564171,159.649817
Bimodal(1.0, 1000.0, 0.9995) 21
g: "Set further on", k: 10, Mean: 1.499499999999945, C^2: 221.81496299588213
g=None
,LWL,Random,JSQ,RR,JSQ_d(2),Split
0.800000,103.153856,33.461871,17.977725,27.882488,22.229993,41.870588
0.980000,564.078929,65.654012,27.916805,57.483934,34.690333,258.969409
g=Some(1.0)
0.800000,17.602846,20.059877,17.767117,20.767188,18.870626,18.885250
0.980000,26.714449,31.115091,27.560408,31.184964,29.655659,28.657780
g=Some(2.0)
0.800000,17.347070,22.060947,17.834534,23.359967,20.000996,21.316926
0.980000,26.209552,35.798490,28.155683,36.027212,31.148659,31.463490
g=Some(4.0)
0.800000,18.350489,24.604504,18.088667,26.098256,21.035042,29.199724
0.980000,26.899957,41.873757,28.237559,44.922192,32.247903,38.811558
BoundedPareto(1.5, 1000000.0) 21
g: "Set further on", k: 10, Mean: 2.9970000029970003, C^2: 332.667
g=None
,LWL,Random,JSQ,RR,JSQ_d(2),SITA
0.800000,34.647263,58.904215,33.660174,48.352328,41.472641,78.263707
0.980000,87.611154,114.097805,49.577561,92.619467,61.249583,487.046330
g=Some(1.0)
0.800000,33.288039,42.405743,33.793703,40.636926,37.687583,43.650802
0.980000,58.870505,66.947494,53.439255,63.798442,58.637837,73.455720
g=Some(2.0)
0.800000,33.687282,47.250590,33.860331,44.379995,39.645786,52.236168
0.980000,63.356252,77.425092,52.188493,70.798241,60.457910,103.915017
g=Some(4.0)
0.800000,34.157138,51.095260,33.754694,49.318595,40.589913,61.712456
0.980000,68.808860,86.209461,52.104808,77.444978,61.303587,156.285210
Bimodal(1.0, 1000.0, 0.9995) 22
g: "Set further on", k: 10, Mean: 1.499499999999945, C^2: 221.81496299588213
g=None
,LWL,Random,JSQ,RR,JSQ_d(2),Split
0.800000,124.256070,34.102355,18.290421,28.772155,22.487955,40.616763
0.980000,670.786510,69.512169,32.118918,69.764693,37.950252,257.030862
g=Some(1.0)
0.800000,17.937423,20.344438,18.151891,20.766872,19.165122,19.191272
0.980000,30.124948,34.793137,30.614052,33.691341,32.637785,31.659612
g=Some(2.0)
0.800000,17.692062,22.102760,18.188246,23.529136,20.280921,21.526855
0.980000,29.553121,39.171568,31.054342,39.838500,34.085671,35.058925
g=Some(4.0)
0.800000,18.727498,25.441478,18.473975,24.944031,21.509924,28.969200
0.980000,29.898788,45.147807,31.964884,48.371181,36.004803,42.214014
BoundedPareto(1.5, 1000000.0) 22
g: "Set further on", k: 10, Mean: 2.9970000029970003, C^2: 332.667
g=None
,LWL,Random,JSQ,RR,JSQ_d(2),SITA
0.800000,34.771070,58.810836,33.828376,48.954450,41.658971,78.461394
0.980000,66.753918,106.653713,47.976764,90.759481,59.570308,527.228368
g=Some(1.0)
0.800000,33.360638,42.454976,33.869011,40.872323,37.768859,43.727949
0.980000,53.488189,63.813058,49.960211,60.613584,54.924965,70.518721
g=Some(2.0)
0.800000,33.741973,47.364896,33.959646,44.385509,39.772509,52.365748
0.980000,56.128210,74.172868,49.006353,66.949588,57.079130,100.463614
g=Some(4.0)
0.800000,34.194514,51.522565,33.942571,48.742572,40.644685,61.900337
0.980000,59.157886,81.986911,49.051174,72.927273,57.968736,151.505824
Bimodal(1.0, 1000.0, 0.9995) 23
g: "Set further on", k: 10, Mean: 1.499499999999945, C^2: 221.81496299588213
g=None
,LWL,Random,JSQ,RR,JSQ_d(2),Split
0.800000,96.912468,36.483579,18.111576,31.357384,22.984818,44.520665
0.980000,650.965998,76.818084,33.612818,69.483081,41.893470,284.416776
g=Some(1.0)
0.800000,17.778654,20.401546,17.962716,21.090921,19.085841,19.156089
0.980000,31.832248,37.157911,33.213164,36.306297,35.285166,34.436494
g=Some(2.0)
0.800000,17.455603,22.306618,17.958422,23.947408,20.352401,21.636236
0.980000,31.034529,43.284254,34.018161,42.543171,38.188120,36.588008
g=Some(4.0)
0.800000,18.382980,25.699843,18.189829,26.665063,21.426822,29.038548
0.980000,30.838437,49.949306,34.005607,52.039094,39.018780,43.571088
BoundedPareto(1.5, 1000000.0) 23
g: "Set further on", k: 10, Mean: 2.9970000029970003, C^2: 332.667
g=None
,LWL,Random,JSQ,RR,JSQ_d(2),SITA
0.800000,36.486761,61.032852,34.707124,50.634287,43.029047,80.257619
0.980000,97.359160,117.489894,53.350797,98.678069,65.855807,531.045945
g=Some(1.0)
0.800000,34.288718,43.474024,34.797570,42.049669,38.693768,44.921089
0.980000,67.321411,74.083613,59.797528,70.459057,64.315242,79.449085
g=Some(2.0)
0.800000,34.778586,48.716079,34.856931,45.736874,40.722406,53.670377
0.980000,71.331715,84.964200,56.689795,77.680397,66.032815,111.690671
g=Some(4.0)
0.800000,35.376101,52.808090,34.897898,50.809457,41.725897,63.713079
0.980000,74.524306,94.527487,56.365314,83.504459,66.871659,168.004980
Bimodal(1.0, 1000.0, 0.9995) 24
g: "Set further on", k: 10, Mean: 1.499499999999945, C^2: 221.81496299588213
g=None
,LWL,Random,JSQ,RR,JSQ_d(2),Split
0.800000,91.532286,30.516642,17.436937,27.260370,21.625271,41.495439
0.980000,486.932083,60.315175,25.802290,57.528168,32.035600,232.248390
g=Some(1.0)
0.800000,17.106532,19.529248,17.269193,20.026228,18.298226,18.361956
0.980000,24.846564,29.659435,25.463925,28.565976,27.752723,27.254800
g=Some(2.0)
0.800000,16.838910,21.148347,17.275638,22.385615,19.461090,20.798210
0.980000,24.352826,32.577982,25.847930,32.782242,28.696516,29.360218
g=Some(4.0)
0.800000,17.748573,24.250454,17.601125,24.594503,20.446137,28.042066
0.980000,24.952906,38.826382,26.168491,39.777439,29.830231,35.139405
BoundedPareto(1.5, 1000000.0) 24
g: "Set further on", k: 10, Mean: 2.9970000029970003, C^2: 332.667
g=None
,LWL,Random,JSQ,RR,JSQ_d(2),SITA
0.800000,36.239662,60.640895,34.391527,50.009630,42.499041,79.819338
0.980000,80.996607,112.887544,50.917448,92.983115,61.919719,493.979964
g=Some(1.0)
0.800000,34.063538,43.050603,34.520543,41.398433,38.407786,44.254756
0.980000,58.361926,67.414237,53.584828,64.811362,58.806288,73.892423
g=Some(2.0)
0.800000,34.497713,48.173217,34.602948,45.102842,40.353198,53.286855
0.980000,61.238535,78.179132,52.312248,71.216230,60.675312,104.321305
g=Some(4.0)
0.800000,35.086837,52.039274,34.539588,49.756429,41.282729,63.212699
0.980000,65.136848,86.306866,52.198740,77.951843,61.510518,156.132970
Bimodal(1.0, 1000.0, 0.9995) 25
g: "Set further on", k: 10, Mean: 1.499499999999945, C^2: 221.81496299588213
g=None
,LWL,Random,JSQ,RR,JSQ_d(2),Split
0.800000,93.339583,34.416001,18.285045,28.827690,22.746570,41.932504
0.980000,799.667963,92.058761,41.021235,77.165278,48.809661,271.551417
g=Some(1.0)
0.800000,17.897353,20.561606,18.079465,21.283739,19.234737,19.354186
0.980000,38.579350,43.964423,39.816441,43.242353,42.311372,40.988635
g=Some(2.0)
0.800000,17.598889,22.398171,18.225943,23.976376,20.425110,21.817787
0.980000,37.774278,49.720748,40.718298,52.201360,44.942820,44.814226
g=Some(4.0)
0.800000,18.607539,25.806826,18.500463,27.303664,21.578875,29.547656
0.980000,37.811018,57.458044,40.628012,60.169294,45.323574,51.588534
BoundedPareto(1.5, 1000000.0) 25
g: "Set further on", k: 10, Mean: 2.9970000029970003, C^2: 332.667
g=None
,LWL,Random,JSQ,RR,JSQ_d(2),SITA
0.800000,36.995407,60.228496,34.735372,50.261480,42.809278,80.109008
0.980000,91.480749,119.394695,51.784334,102.858208,63.423504,552.998323
g=Some(1.0)
0.800000,34.503455,43.475845,34.870984,41.802670,38.772797,44.863433
0.980000,62.012427,69.905737,55.219677,66.578245,60.556927,73.975008
g=Some(2.0)
0.800000,34.980764,48.490950,34.917146,45.765612,40.738285,53.958351
0.980000,65.295117,79.777557,54.144854,72.408806,61.977769,105.452221
g=Some(4.0)
0.800000,35.647440,52.841738,34.942520,50.497917,41.813738,63.578678
0.980000,69.917739,89.368807,53.757778,81.349396,63.345946,163.993275
Bimodal(1.0, 1000.0, 0.9995) 26
g: "Set further on", k: 10, Mean: 1.499499999999945, C^2: 221.81496299588213
g=None
,LWL,Random,JSQ,RR,JSQ_d(2),Split
0.800000,78.929123,32.858026,17.808780,28.110976,22.291766,40.158239
0.980000,624.071082,68.727556,28.175125,68.279722,36.216226,261.356263
g=Some(1.0)
0.800000,17.530028,20.101021,17.707423,20.772807,18.781986,18.845433
0.980000,26.637346,31.921355,27.703156,31.573122,30.384326,28.884600
g=Some(2.0)
0.800000,17.212727,21.793902,17.673249,23.485407,19.930080,21.268727
0.980000,26.114309,36.894939,28.545740,36.940497,31.961905,31.966866
g=Some(4.0)
0.800000,18.021082,24.575627,17.993036,26.118727,21.156825,29.014073
0.980000,26.825855,43.749052,28.611521,46.645368,33.167817,39.260805
BoundedPareto(1.5, 1000000.0) 26
g: "Set further on", k: 10, Mean: 2.9970000029970003, C^2: 332.667
g=None
,LWL,Random,JSQ,RR,JSQ_d(2),SITA
0.800000,35.464283,60.494634,34.076188,50.088743,42.069782,78.715530
0.980000,75.292415,116.146752,49.909697,93.821976,62.096143,705.899760
g=Some(1.0)
0.800000,33.747602,42.766819,34.116775,41.242544,38.099641,44.060463
0.980000,58.603405,67.269645,53.060497,64.210117,58.280092,73.066110
g=Some(2.0)
0.800000,34.172091,47.720793,34.201525,44.881621,39.957449,52.783569
0.980000,61.338445,77.120599,51.697236,71.012881,60.101043,104.212845
g=Some(4.0)
0.800000,34.705751,51.689724,34.171437,49.565088,41.074185,62.512310
0.980000,65.314672,86.637295,51.506932,77.001637,60.897097,159.534499
Bimodal(1.0, 1000.0, 0.9995) 27
g: "Set further on", k: 10, Mean: 1.499499999999945, C^2: 221.81496299588213
g=None
,LWL,Random,JSQ,RR,JSQ_d(2),Split
0.800000,129.296438,30.854548,17.652601,28.422169,22.096297,43.529442
0.980000,552.810680,59.419552,25.357957,55.263046,32.029173,262.640978
g=Some(1.0)
0.800000,17.445313,19.715690,17.586619,20.233563,18.566791,18.612595
0.980000,24.401820,28.829920,25.088554,28.397374,27.553636,26.462046
g=Some(2.0)
0.800000,17.235965,21.469039,17.746954,22.759280,19.743603,21.123886
0.980000,23.911658,33.091755,25.205580,32.392756,28.184986,28.832037
g=Some(4.0)
0.800000,18.340621,24.572853,17.928341,24.802724,20.985453,28.608743
0.980000,24.764492,38.076981,25.876194,39.781065,29.748830,36.144943
BoundedPareto(1.5, 1000000.0) 27
g: "Set further on", k: 10, Mean: 2.9970000029970003, C^2: 332.667
g=None
,LWL,Random,JSQ,RR,JSQ_d(2),SITA
0.800000,39.057578,64.451870,36.099179,53.282586,44.577494,85.182095
0.980000,117.784709,129.565061,58.783516,107.043906,72.601920,531.827926
g=Some(1.0)
0.800000,35.813339,44.987985,36.248124,43.446754,40.072297,46.296388
0.980000,77.603473,83.433002,67.429919,80.548147,73.206658,89.543833
g=Some(2.0)
0.800000,36.495225,50.259023,36.383908,47.062744,42.112532,55.868278
0.980000,80.853247,94.297933,63.227927,89.557070,73.228533,127.528176
g=Some(4.0)
0.800000,37.365126,54.465952,36.408342,52.147644,43.288598,66.422718
0.980000,84.447268,105.694449,63.027172,98.713163,74.250602,202.984302
Bimodal(1.0, 1000.0, 0.9995) 28
g: "Set further on", k: 10, Mean: 1.499499999999945, C^2: 221.81496299588213
g=None
,LWL,Random,JSQ,RR,JSQ_d(2),Split
0.800000,124.741362,32.639945,17.982762,28.822531,22.428982,43.588012
0.980000,621.222810,72.050979,28.687356,59.385245,35.636699,281.754890
g=Some(1.0)
0.800000,17.676618,20.173330,17.863977,20.798665,18.962705,18.952592
0.980000,27.144006,32.287411,27.893272,31.605229,30.706203,29.823835
g=Some(2.0)
0.800000,17.435915,21.738389,17.868387,23.480693,20.115326,21.347397
0.980000,26.580541,37.307426,28.570856,37.511494,31.810144,32.100535
g=Some(4.0)
0.800000,18.529607,25.004029,18.191831,25.790855,21.276929,29.222375
0.980000,27.029050,43.185340,28.792688,44.591792,33.037677,39.037167
BoundedPareto(1.5, 1000000.0) 28
g: "Set further on", k: 10, Mean: 2.9970000029970003, C^2: 332.667
g=None
,LWL,Random,JSQ,RR,JSQ_d(2),SITA
0.800000,36.758529,60.480694,34.535933,50.064205,42.700300,80.038338
0.980000,83.303777,114.553646,52.319534,94.315970,64.619182,631.542298
g=Some(1.0)
0.800000,34.306647,43.443109,34.764233,41.995243,38.664975,44.767402
0.980000,63.180157,70.903566,56.968254,66.869390,61.801047,76.722400
g=Some(2.0)
0.800000,34.816912,48.409089,34.866553,45.789248,40.652539,53.661894
0.980000,65.934295,80.449691,54.458278,73.794481,62.846844,108.249940
g=Some(4.0)
0.800000,35.446291,52.374273,34.696694,50.345868,41.659010,63.138077
0.980000,69.411538,89.262305,54.185415,80.525602,63.514456,163.985522
Bimodal(1.0, 1000.0, 0.9995) 29
g: "Set further on", k: 10, Mean: 1.499499999999945, C^2: 221.81496299588213
g=None
,LWL,Random,JSQ,RR,JSQ_d(2),Split
0.800000,111.308247,32.290314,17.697131,25.769174,21.644899,40.354782
0.980000,617.672789,70.121248,25.825144,55.105905,31.969408,224.588803
g=Some(1.0)
0.800000,17.264799,19.558561,17.437930,20.181283,18.454214,18.493601
0.980000,24.569250,29.180130,25.137890,28.742892,27.595563,26.895868
g=Some(2.0)
0.800000,17.029776,21.433486,17.515430,22.215686,19.510601,21.023144
0.980000,24.081724,34.408348,26.037372,34.271767,28.630791,29.646698
g=Some(4.0)
0.800000,18.054215,24.455869,17.838965,25.473189,20.732009,28.416636
0.980000,25.139982,39.262236,26.265253,40.458957,30.329350,36.851225
BoundedPareto(1.5, 1000000.0) 29
g: "Set further on", k: 10, Mean: 2.9970000029970003, C^2: 332.667
g=None
,LWL,Random,JSQ,RR,JSQ_d(2),SITA
0.800000,38.492166,63.188567,35.829132,53.231844,44.368625,83.206999
0.980000,112.730221,122.802602,59.075544,102.683783,72.224581,494.890847
g=Some(1.0)
0.800000,35.484580,44.599481,35.927938,43.443015,39.965838,46.300072
0.980000,77.790413,82.128422,67.172333,78.368500,72.423551,86.949588
g=Some(2.0)
0.800000,36.119775,49.817952,36.080160,47.236113,41.867182,55.584197
0.980000,81.215987,94.481740,63.307724,85.314540,72.542924,120.927394
g=Some(4.0)
0.800000,36.900068,54.080502,36.163319,52.203071,42.956470,65.408814
0.980000,84.661448,101.113906,61.835144,92.790000,72.912772,191.954331
Bimodal(1.0, 1000.0, 0.9995) 30
g: "Set further on", k: 10, Mean: 1.499499999999945, C^2: 221.81496299588213
g=None
,LWL,Random,JSQ,RR,JSQ_d(2),Split
0.800000,92.207235,33.175343,17.754568,26.391989,22.026481,45.658811
0.980000,644.341777,71.778909,27.147949,52.042275,33.841443,256.660313
g=Some(1.0)
0.800000,17.378836,19.878641,17.541601,20.584211,18.617066,18.680355
0.980000,25.964640,31.010251,26.602983,30.204197,29.313646,27.934148
g=Some(2.0)
0.800000,17.107059,21.686197,17.595596,23.191995,19.710388,21.155238
0.980000,25.544495,35.752637,27.160844,34.755344,30.086654,30.913220
g=Some(4.0)
0.800000,18.009323,24.713984,17.861999,26.068958,20.943352,28.791768
0.980000,26.476728,42.330095,27.724845,43.515179,31.755175,38.226418
BoundedPareto(1.5, 1000000.0) 30
g: "Set further on", k: 10, Mean: 2.9970000029970003, C^2: 332.667
g=None
,LWL,Random,JSQ,RR,JSQ_d(2),SITA
0.800000,43.255708,69.281986,38.213348,58.643678,47.763452,85.490569
0.980000,251.868260,127.576038,58.699464,107.295940,74.856550,541.019955
g=Some(1.0)
0.800000,38.127131,47.384521,38.422957,45.982483,42.196355,48.944457
0.980000,95.812955,95.097743,83.344783,92.139292,88.073950,99.214938
g=Some(2.0)
0.800000,39.100609,53.006077,38.578603,49.835604,44.426877,59.111651
0.980000,101.115204,102.559426,73.845735,96.271306,89.521925,133.219576
g=Some(4.0)
0.800000,40.220573,57.726638,38.581294,54.403178,45.711483,69.867419
0.980000,110.881765,120.241051,72.771248,102.353035,86.127477,226.316946
Bimodal(1.0, 1000.0, 0.9995) 31
g: "Set further on", k: 10, Mean: 1.499499999999945, C^2: 221.81496299588213
g=None
,LWL,Random,JSQ,RR,JSQ_d(2),Split
0.800000,128.827427,35.148776,19.038009,30.654449,23.955434,48.407794
0.980000,807.405127,78.947290,41.969746,76.056000,49.519083,251.179479
g=Some(1.0)
0.800000,18.603514,21.364367,18.802152,22.293333,20.056082,20.118013
0.980000,39.883481,45.715455,41.107225,44.574859,43.552194,42.208005
g=Some(2.0)
0.800000,18.308837,23.427861,18.890269,25.468764,21.248574,22.741841
0.980000,39.135512,51.016719,42.329443,51.243768,46.372003,45.257590
g=Some(4.0)
0.800000,19.506520,26.755480,19.223847,28.504014,22.347454,31.421603
0.980000,38.776270,58.696856,42.345012,61.108187,47.404116,53.057718
BoundedPareto(1.5, 1000000.0) 31
g: "Set further on", k: 10, Mean: 2.9970000029970003, C^2: 332.667
g=None
,LWL,Random,JSQ,RR,JSQ_d(2),SITA
0.800000,35.537994,61.396100,34.485990,49.942213,42.651593,81.192619
0.980000,82.373661,114.421872,51.382602,92.932747,62.473970,469.616335
g=Some(1.0)
0.800000,34.143427,43.302993,34.650473,41.721493,38.521821,44.364340
0.980000,59.521517,68.644234,54.136192,65.346023,59.737579,74.291100
g=Some(2.0)
0.800000,34.516222,48.281930,34.665381,45.344613,40.521714,53.029658
0.980000,62.659303,78.702519,52.845841,72.453691,61.533903,104.338632
g=Some(4.0)
0.800000,34.998948,52.231875,34.655303,49.694692,41.483477,62.655248
0.980000,65.750425,87.438277,52.906150,79.474730,62.453505,154.711375
Bimodal(1.0, 1000.0, 0.9995) 32
g: "Set further on", k: 10, Mean: 1.499499999999945, C^2: 221.81496299588213
g=None
,LWL,Random,JSQ,RR,JSQ_d(2),Split
0.800000,93.752707,31.736228,17.221665,24.897672,21.143549,40.424158
0.980000,400.415808,56.226010,23.230058,50.317681,29.819749,269.987971
g=Some(1.0)
0.800000,16.843803,19.081641,16.984465,19.638111,17.937571,18.017494
0.980000,22.382534,26.731950,22.847366,26.660888,25.072725,24.620669
g=Some(2.0)
0.800000,16.595206,20.724251,17.020847,21.733587,19.065957,20.349017
0.980000,21.988963,29.655626,23.337557,30.294001,25.909339,27.208513
g=Some(4.0)
0.800000,17.402825,23.830427,17.219365,23.145803,20.023525,27.531103
0.980000,23.161694,35.258850,23.757846,36.672431,27.684310,33.799909
BoundedPareto(1.5, 1000000.0) 32
g: "Set further on", k: 10, Mean: 2.9970000029970003, C^2: 332.667
g=None
,LWL,Random,JSQ,RR,JSQ_d(2),SITA
0.800000,43.051317,65.543239,37.945242,55.111813,46.578935,84.250577
0.980000,252.300837,136.346860,67.594324,110.775208,73.648151,608.112257
g=Some(1.0)
0.800000,38.234784,47.234548,38.474390,45.620271,42.209619,48.585243
0.980000,86.056286,92.900412,76.094437,89.875226,81.577759,95.161578
g=Some(2.0)
0.800000,39.054375,53.006544,38.729378,49.461376,44.317436,58.664886
0.980000,92.085584,105.446024,71.209218,98.015467,81.728750,135.756387
g=Some(4.0)
0.800000,40.286981,57.533785,38.797322,53.855795,45.550381,69.973894
0.980000,100.221501,116.840457,71.311357,107.677500,82.271490,232.879989
Bimodal(1.0, 1000.0, 0.9995) 33
g: "Set further on", k: 10, Mean: 1.499499999999945, C^2: 221.81496299588213
g=None
,LWL,Random,JSQ,RR,JSQ_d(2),Split
0.800000,94.371138,31.126903,16.968996,24.284500,20.825964,39.622537
0.980000,550.999285,58.826352,25.600386,45.635975,31.663428,244.655799
g=Some(1.0)
0.800000,16.747767,18.885470,16.890483,19.350676,17.768351,17.877109
0.980000,24.368432,28.647636,24.960883,27.960226,26.794595,26.501067
g=Some(2.0)
0.800000,16.535381,20.600356,16.913343,21.478028,18.914202,20.077456
0.980000,23.897056,32.231630,25.211981,32.854687,27.963049,28.735138
g=Some(4.0)
0.800000,17.405453,23.462191,17.177861,22.849860,19.853056,27.412034
0.980000,24.671203,37.204953,25.762841,38.457469,29.567033,35.078512
BoundedPareto(1.5, 1000000.0) 33
g: "Set further on", k: 10, Mean: 2.9970000029970003, C^2: 332.667
g=None
,LWL,Random,JSQ,RR,JSQ_d(2),SITA
0.800000,38.876484,62.482387,35.819120,52.557531,44.343471,80.676904
0.980000,114.571858,129.155240,54.590304,104.929044,66.364487,481.284907
g=Some(1.0)
0.800000,35.609925,44.639220,35.969509,43.039077,39.834866,45.752982
0.980000,66.404216,73.063935,59.805173,70.665189,63.959399,78.319051
g=Some(2.0)
0.800000,36.240374,49.758146,36.049861,46.826755,41.890168,54.866206
0.980000,71.292255,85.169658,56.839889,77.621093,66.251558,113.068444
g=Some(4.0)
0.800000,37.040944,54.337370,35.977295,51.359031,42.966645,65.439844
0.980000,76.024467,94.528806,57.080833,84.755368,67.094985,173.623431
Bimodal(1.0, 1000.0, 0.9995) 34
g: "Set further on", k: 10, Mean: 1.499499999999945, C^2: 221.81496299588213
g=None
,LWL,Random,JSQ,RR,JSQ_d(2),Split
0.800000,68.664924,31.196031,17.131282,26.529746,21.227081,42.219324
0.980000,568.850481,62.711411,25.257161,52.269896,32.193963,312.699284
g=Some(1.0)
0.800000,16.898698,19.283984,17.053330,19.892767,18.060542,18.126120
0.980000,24.053993,29.016782,24.701786,28.297049,27.487353,26.734888
g=Some(2.0)
0.800000,16.615824,21.108540,17.051115,22.226685,19.136614,20.416213
0.980000,23.518723,33.026384,25.353552,33.985396,28.353287,29.389314
g=Some(4.0)
0.800000,17.366288,23.694623,17.311455,24.185634,20.475783,27.762339
0.980000,24.692513,39.562692,25.744087,41.011451,30.116481,36.670329
BoundedPareto(1.5, 1000000.0) 34
g: "Set further on", k: 10, Mean: 2.9970000029970003, C^2: 332.667
g=None
,LWL,Random,JSQ,RR,JSQ_d(2),SITA
0.800000,37.340237,62.267380,35.371558,51.587351,43.719973,81.855726
0.980000,109.367785,126.421021,55.707703,105.966983,67.873138,628.900439
g=Some(1.0)
0.800000,35.026178,44.119943,35.391753,42.398545,39.319201,45.413971
0.980000,65.554915,74.497521,59.040056,71.947765,65.092417,80.743303
g=Some(2.0)
0.800000,35.534385,49.262158,35.461909,46.034090,41.280419,54.138520
0.980000,69.076849,86.022318,58.046936,78.541527,66.494263,115.888036
g=Some(4.0)
0.800000,36.219255,53.432414,35.505081,50.786957,42.397716,63.972798
0.980000,75.412370,95.282904,57.689357,87.974650,67.493688,181.087105
Bimodal(1.0, 1000.0, 0.9995) 35
g: "Set further on", k: 10, Mean: 1.499499999999945, C^2: 221.81496299588213
g=None
,LWL,Random,JSQ,RR,JSQ_d(2),Split
0.800000,44.277004,28.890538,16.429510,24.159974,20.093410,37.188642
0.980000,423.930329,53.613054,21.920707,46.783871,27.663190,280.876291
g=Some(1.0)
0.800000,16.149624,18.302029,16.298111,18.885626,17.177241,17.223646
0.980000,21.302911,25.535286,21.876125,25.655110,23.962377,23.481500
g=Some(2.0)
0.800000,15.874544,19.763537,16.343674,20.719697,18.337098,19.417655
0.980000,20.941003,28.565787,22.009495,29.217908,24.625010,25.757178
g=Some(4.0)
0.800000,16.408506,22.478518,16.508237,22.704549,19.283356,26.209717
0.980000,22.430781,32.546891,22.399651,35.876793,26.398714,31.646330
BoundedPareto(1.5, 1000000.0) 35
g: "Set further on", k: 10, Mean: 2.9970000029970003, C^2: 332.667
g=None
,LWL,Random,JSQ,RR,JSQ_d(2),SITA
0.800000,37.119817,62.264789,35.112424,51.580573,43.522396,79.955363
0.980000,102.764926,116.815103,53.932545,98.263220,65.752899,488.772996
g=Some(1.0)
0.800000,34.723333,43.877818,35.207597,42.157518,39.112222,45.128911
0.980000,63.819062,72.338298,57.614710,68.931956,63.573817,77.992757
g=Some(2.0)
0.800000,35.212438,49.067568,35.374983,46.121239,41.099056,54.111941
0.980000,67.618205,83.096515,55.550463,76.169917,65.387726,109.328990
g=Some(4.0)
0.800000,35.916246,53.199722,35.324133,50.333492,42.245217,64.140013
0.980000,72.458792,92.910747,55.921127,81.286069,65.763565,169.538801
Bimodal(1.0, 1000.0, 0.9995) 36
g: "Set further on", k: 10, Mean: 1.499499999999945, C^2: 221.81496299588213
g=None
,LWL,Random,JSQ,RR,JSQ_d(2),Split
0.800000,132.557897,37.268277,18.579489,27.530130,22.865231,45.978000
0.980000,679.800507,89.634725,38.819438,70.124381,46.062556,298.560469
g=Some(1.0)
0.800000,18.175318,20.895158,18.355238,21.700219,19.506417,19.588840
0.980000,38.099295,42.535035,38.719768,41.195199,41.301191,39.850408
g=Some(2.0)
0.800000,17.939724,22.759976,18.448572,24.248993,20.784937,22.048120
0.980000,37.339434,47.403174,38.485296,45.944609,41.700107,42.779461
g=Some(4.0)
0.800000,19.145588,25.979252,18.802603,26.749989,21.762314,29.598467
0.980000,37.224771,52.444794,38.480582,56.899215,42.501489,47.286957
BoundedPareto(1.5, 1000000.0) 36
g: "Set further on", k: 10, Mean: 2.9970000029970003, C^2: 332.667
g=None
,LWL,Random,JSQ,RR,JSQ_d(2),SITA
0.800000,35.908443,60.848989,34.608719,50.206193,42.639544,79.065148
0.980000,88.269846,134.225264,55.376460,102.564708,69.061144,480.057058
g=Some(1.0)
0.800000,34.160218,43.294680,34.730043,41.709233,38.524500,44.631241
0.980000,60.806786,69.794463,55.284828,65.760067,60.892822,75.193587
g=Some(2.0)
0.800000,34.595751,48.176288,34.724748,45.485300,40.556757,53.531493
0.980000,64.864907,80.188408,53.954072,74.998726,62.335737,107.502172
g=Some(4.0)
0.800000,35.131959,51.932350,34.741897,50.131187,41.390915,62.989067
0.980000,68.275556,89.342529,53.966603,79.840124,63.157092,165.333850
Bimodal(1.0, 1000.0, 0.9995) 37
g: "Set further on", k: 10, Mean: 1.499499999999945, C^2: 221.81496299588213
g=None
,LWL,Random,JSQ,RR,JSQ_d(2),Split
0.800000,92.111433,31.758144,18.007171,27.143306,22.420619,43.748668
0.980000,553.946068,74.604025,28.783295,57.363797,36.408609,231.190577
g=Some(1.0)
0.800000,17.685072,20.257540,17.864248,20.995532,18.939788,19.088580
0.980000,27.622342,32.243833,28.672988,31.897348,30.925327,29.738662
g=Some(2.0)
0.800000,17.418728,22.011424,18.020562,23.489836,20.074126,21.450269
0.980000,27.030395,37.964044,28.960486,37.743760,32.547937,32.044098
g=Some(4.0)
0.800000,18.401880,25.100345,18.299672,26.989192,21.414006,29.063179
0.980000,27.553787,43.769448,29.557870,46.894471,33.882772,39.624666
BoundedPareto(1.5, 1000000.0) 37
g: "Set further on", k: 10, Mean: 2.9970000029970003, C^2: 332.667
g=None
,LWL,Random,JSQ,RR,JSQ_d(2),SITA
0.800000,37.584179,63.222379,35.538854,52.634741,43.704507,79.702006
0.980000,108.494470,121.583122,55.568948,105.025297,67.158646,438.590021
g=Some(1.0)
0.800000,35.228825,44.331705,35.652645,42.543062,39.518035,45.274534
0.980000,66.983484,75.193726,59.975013,72.733143,65.922944,80.391586
g=Some(2.0)
0.800000,35.764566,49.526273,35.727933,46.349406,41.542480,54.005313
0.980000,70.614357,85.536749,58.169677,78.935870,67.351851,113.065351
g=Some(4.0)
0.800000,36.447459,53.778347,35.765519,50.878044,42.574180,64.130754
0.980000,76.751089,96.339844,57.257210,86.629130,68.212177,174.121276
Bimodal(1.0, 1000.0, 0.9995) 38
g: "Set further on", k: 10, Mean: 1.499499999999945, C^2: 221.81496299588213
g=None
,LWL,Random,JSQ,RR,JSQ_d(2),Split
0.800000,88.222998,31.795485,17.964840,28.060484,22.279590,41.934089
0.980000,612.136195,66.854045,27.697853,62.305353,34.307840,248.402444
g=Some(1.0)
0.800000,17.708394,20.191002,17.868989,20.835263,18.942721,18.961225
0.980000,26.351533,30.916960,27.172421,30.558426,29.590595,28.465467
g=Some(2.0)
0.800000,17.419919,21.776222,17.933040,23.254845,20.010911,21.504401
0.980000,25.733621,36.031495,27.538039,36.115674,30.971039,31.339522
g=Some(4.0)
0.800000,18.349140,24.671408,18.097238,26.047801,21.215195,29.085837
0.980000,26.312151,43.411678,27.800476,43.720611,32.073060,38.688733
BoundedPareto(1.5, 1000000.0) 38
g: "Set further on", k: 10, Mean: 2.9970000029970003, C^2: 332.667
g=None
,LWL,Random,JSQ,RR,JSQ_d(2),SITA
0.800000,36.932353,61.194023,34.994007,50.901933,43.208675,78.592968
0.980000,90.617060,115.583488,51.559714,97.578503,63.252040,496.082393
g=Some(1.0)
0.800000,34.678158,43.668708,35.136716,41.938516,38.859959,44.770599
0.980000,61.331345,69.412610,55.934773,66.682465,60.690548,74.924512
g=Some(2.0)
0.800000,35.183091,48.686011,35.115336,45.725132,40.887473,53.518551
0.980000,63.979093,79.568248,53.953239,73.037781,62.127544,105.292993
g=Some(4.0)
0.800000,35.808802,52.882490,35.177093,50.355824,41.941009,63.071820
0.980000,67.663214,89.667186,54.058341,78.758362,63.243421,157.524528
Bimodal(1.0, 1000.0, 0.9995) 39
g: "Set further on", k: 10, Mean: 1.499499999999945, C^2: 221.81496299588213
g=None
,LWL,Random,JSQ,RR,JSQ_d(2),Split
0.800000,99.247939,35.440249,18.715450,29.084002,23.000960,53.747987
0.980000,653.579026,82.463118,45.527322,74.727481,52.332877,286.116902
g=Some(1.0)
0.800000,18.240320,20.853460,18.483492,21.403051,19.583757,19.590253
0.980000,45.226254,49.033121,45.724418,48.177142,47.401520,47.062615
g=Some(2.0)
0.800000,17.921835,22.799653,18.594493,24.051390,20.871055,22.141757
0.980000,44.484571,52.016013,45.541678,52.336306,47.439236,47.808714
g=Some(4.0)
0.800000,18.753512,26.409443,18.711503,27.186979,21.760068,30.174514
0.980000,44.369730,56.298851,45.263142,60.270399,48.605819,51.315391
BoundedPareto(1.5, 1000000.0) 39
g: "Set further on", k: 10, Mean: 2.9970000029970003, C^2: 332.667
g=None
,LWL,Random,JSQ,RR,JSQ_d(2),SITA
0.800000,35.801763,59.350837,34.019381,49.006051,42.063436,78.250669
0.980000,75.470859,105.461069,48.831018,85.118338,60.216796,535.178910
g=Some(1.0)
0.800000,33.606098,42.627095,34.113594,41.008226,37.932301,44.153338
0.980000,56.691828,65.621156,52.023016,62.188108,56.795002,71.375735
g=Some(2.0)
0.800000,34.035242,47.521546,34.241201,44.640943,39.874416,52.780362
0.980000,59.093933,74.936672,50.299312,68.563310,58.566720,100.210826
g=Some(4.0)
0.800000,34.557227,51.497735,34.224934,49.342881,40.921773,62.223093
0.980000,61.883619,82.997158,50.263650,74.995713,59.573833,151.812536
Bimodal(1.0, 1000.0, 0.9995) 40
g: "Set further on", k: 10, Mean: 1.499499999999945, C^2: 221.81496299588213
g=None
,LWL,Random,JSQ,RR,JSQ_d(2),Split
0.800000,151.676247,34.656974,19.255782,30.525729,23.916013,48.336414
0.980000,787.973276,90.043166,44.234351,76.833181,52.417026,288.463384
g=Some(1.0)
0.800000,18.885793,21.710073,19.148866,22.381163,20.296785,20.371004
0.980000,44.007173,47.654099,44.706483,46.663492,46.528729,45.049904
g=Some(2.0)
0.800000,18.604597,23.687900,19.265616,25.590091,21.510419,22.846424
0.980000,43.479533,52.865377,45.716930,53.018791,48.548834,47.661549
g=Some(4.0)
0.800000,19.755861,27.194926,19.445565,28.999302,22.848837,31.244949
0.980000,43.336379,60.030093,45.178650,60.080746,49.013788,53.038104
BoundedPareto(1.5, 1000000.0) 40
g: "Set further on", k: 10, Mean: 2.9970000029970003, C^2: 332.667
g=None
,LWL,Random,JSQ,RR,JSQ_d(2),SITA
0.800000,38.459257,62.349731,35.400713,52.730747,43.675741,82.399181
0.980000,101.882290,118.742925,56.059657,107.974374,68.995051,578.505125
g=Some(1.0)
0.800000,35.120226,44.136319,35.516457,42.548759,39.331154,45.509006
0.980000,68.984486,77.273437,61.352508,73.476822,66.914579,83.637503
g=Some(2.0)
0.800000,35.732074,49.189144,35.636736,46.531600,41.462693,54.722508
0.980000,73.309099,88.523830,58.493182,80.836360,68.400977,120.179985
g=Some(4.0)
0.800000,36.478429,53.754236,35.657125,51.040450,42.451323,65.117455
0.980000,76.918017,97.896716,58.470888,92.516514,68.563117,185.778266
Bimodal(1.0, 1000.0, 0.9995) 41
g: "Set further on", k: 10, Mean: 1.499499999999945, C^2: 221.81496299588213
g=None
,LWL,Random,JSQ,RR,JSQ_d(2),Split
0.800000,100.331263,37.148111,18.414781,33.067675,23.140893,42.980893
0.980000,750.939769,75.610128,34.192420,77.310329,40.977700,312.016886
g=Some(1.0)
0.800000,18.029312,20.766116,18.228880,21.590151,19.402090,19.503038
0.980000,32.933191,37.572418,33.825311,37.037142,36.289011,35.015245
g=Some(2.0)
0.800000,17.699937,22.806904,18.281919,24.504954,20.618492,22.110035
0.980000,32.210148,42.651487,34.501331,43.548690,37.741156,37.050383
g=Some(4.0)
0.800000,18.782126,25.650692,18.727396,27.895114,21.881631,30.294870
0.980000,32.005329,49.433246,34.878077,50.624558,38.837408,43.432973
BoundedPareto(1.5, 1000000.0) 41
g: "Set further on", k: 10, Mean: 2.9970000029970003, C^2: 332.667
g=None
,LWL,Random,JSQ,RR,JSQ_d(2),SITA
0.800000,36.260668,60.932920,34.573153,49.668612,42.489536,79.841605
0.980000,81.972543,118.169280,51.212847,95.547159,62.921082,596.709554
g=Some(1.0)
0.800000,34.155333,43.224977,34.651394,41.576790,38.429406,44.455672
0.980000,60.461887,69.050877,54.395056,65.706115,59.233970,74.066183
g=Some(2.0)
0.800000,34.572003,48.115929,34.730821,45.159467,40.408106,53.601170
0.980000,63.522529,78.450678,53.041521,71.811328,61.530811,104.781461
g=Some(4.0)
0.800000,35.182518,52.191377,34.777705,49.871492,41.386738,63.326956
0.980000,66.973710,87.775745,52.657430,80.450772,62.303966,156.014528
Bimodal(1.0, 1000.0, 0.9995) 42
g: "Set further on", k: 10, Mean: 1.499499999999945, C^2: 221.81496299588213
g=None
,LWL,Random,JSQ,RR,JSQ_d(2),Split
0.800000,95.007202,34.277616,18.144915,28.617894,22.775446,45.310238
0.980000,629.822494,75.920774,40.353714,66.505310,46.629318,321.216115
g=Some(1.0)
0.800000,17.828316,20.341518,18.004828,21.100578,19.159539,19.171092
0.980000,38.531109,42.864780,39.369292,42.899524,41.570080,40.818301
g=Some(2.0)
0.800000,17.497689,22.383253,17.922409,23.854865,20.264330,21.646173
0.980000,37.836267,46.548026,39.887503,46.520680,43.471025,43.244177
g=Some(4.0)
0.800000,18.238215,25.684447,18.334264,27.349743,21.722986,29.396498
0.980000,37.970144,53.784100,39.563694,56.539954,43.745773,48.782526
BoundedPareto(1.5, 1000000.0) 42
g: "Set further on", k: 10, Mean: 2.9970000029970003, C^2: 332.667
g=None
,LWL,Random,JSQ,RR,JSQ_d(2),SITA
0.800000,35.595685,60.386181,34.451791,49.938312,42.479398,80.894464
0.980000,85.857143,111.261894,51.802576,94.023467,64.377795,649.823777
g=Some(1.0)
0.800000,34.004991,43.178665,34.555723,41.446082,38.398057,44.453525
0.980000,60.954576,69.767154,55.156659,66.876711,60.656834,75.747372
g=Some(2.0)
0.800000,34.417259,48.152476,34.607280,45.410255,40.401099,53.167886
0.980000,64.010647,80.485197,53.884011,73.539340,62.158904,106.967403
g=Some(4.0)
0.800000,34.957203,52.131296,34.630066,49.697902,41.440930,63.167579
0.980000,69.111546,89.875530,53.402753,81.413210,63.131598,163.028262
Bimodal(1.0, 1000.0, 0.9995) 43
g: "Set further on", k: 10, Mean: 1.499499999999945, C^2: 221.81496299588213
g=None
,LWL,Random,JSQ,RR,JSQ_d(2),Split
0.800000,84.138222,33.528440,18.019143,27.407767,22.632547,45.495758
0.980000,723.110836,67.367971,31.630609,58.754905,39.371880,247.307037
g=Some(1.0)
0.800000,17.693696,20.283792,17.881492,20.980727,19.017423,19.070680
0.980000,30.657228,35.107395,31.416214,35.004886,33.836922,32.943682
g=Some(2.0)
0.800000,17.394492,22.248002,17.951043,23.505895,20.145264,21.638977
0.980000,30.044350,39.633329,31.368271,40.094095,34.908035,35.145634
g=Some(4.0)
0.800000,18.316847,25.359535,18.321544,25.697152,21.382453,29.205564
0.980000,30.290951,46.300956,31.791904,47.868605,36.180829,41.058818
BoundedPareto(1.5, 1000000.0) 43
g: "Set further on", k: 10, Mean: 2.9970000029970003, C^2: 332.667
g=None
,LWL,Random,JSQ,RR,JSQ_d(2),SITA
0.800000,35.534898,60.232798,34.201377,49.523711,42.215223,79.311202
0.980000,83.858624,115.611203,51.912174,95.447080,64.128492,522.361562
g=Some(1.0)
0.800000,33.810398,42.984057,34.300434,41.371819,38.221613,44.242798
0.980000,60.741991,69.394682,55.573471,65.700025,60.212086,76.025914
g=Some(2.0)
0.800000,34.206496,47.910369,34.394238,45.249784,40.129494,53.063379
0.980000,63.383934,79.434693,53.135320,72.539643,61.867870,107.072382
g=Some(4.0)
0.800000,34.761656,51.974005,34.347111,49.305416,41.152133,62.857608
0.980000,68.109965,88.134227,53.272843,78.815767,62.584531,161.323803
Bimodal(1.0, 1000.0, 0.9995) 44
g: "Set further on", k: 10, Mean: 1.499499999999945, C^2: 221.81496299588213
g=None
,LWL,Random,JSQ,RR,JSQ_d(2),Split
0.800000,84.567099,35.294416,18.299963,28.370387,23.034455,44.037807
0.980000,614.657118,84.250964,34.004709,62.387003,41.902555,275.537013
g=Some(1.0)
0.800000,17.866898,20.463964,18.062194,21.241497,19.142260,19.200397
0.980000,32.733873,38.048098,33.462155,37.361905,36.093731,35.290315
g=Some(2.0)
0.800000,17.560739,22.522313,18.129410,23.918330,20.364446,21.725154
0.980000,31.937937,42.630519,34.482724,43.739138,38.197234,38.074620
g=Some(4.0)
0.800000,18.405489,25.042362,18.323571,26.655231,21.346478,28.959275
0.980000,31.682890,51.894587,34.108344,50.946850,39.526381,43.966016
BoundedPareto(1.5, 1000000.0) 44
g: "Set further on", k: 10, Mean: 2.9970000029970003, C^2: 332.667
g=None
,LWL,Random,JSQ,RR,JSQ_d(2),SITA
0.800000,34.846915,59.975599,33.880401,49.103113,41.672822,78.439397
0.980000,69.935305,108.766935,48.326827,90.483259,60.082216,584.466955
g=Some(1.0)
0.800000,33.431152,42.494577,33.911150,40.829269,37.764110,43.769883
0.980000,54.376129,63.927981,50.677909,61.507853,55.392435,70.198816
g=Some(2.0)
0.800000,33.784193,47.277755,33.946775,44.362488,39.716627,52.113139
0.980000,57.289555,73.942452,49.587192,67.677344,57.433724,98.107289
g=Some(4.0)
0.800000,34.254491,51.331321,33.983437,49.171223,40.668351,61.597845
0.980000,60.190085,82.545472,49.443343,73.902626,58.667540,149.064841
Bimodal(1.0, 1000.0, 0.9995) 45
g: "Set further on", k: 10, Mean: 1.499499999999945, C^2: 221.81496299588213
g=None
,LWL,Random,JSQ,RR,JSQ_d(2),Split
0.800000,102.266820,37.407006,18.155355,31.123986,22.758281,44.658109
0.980000,664.397778,81.276365,33.077067,62.477016,40.147311,257.553595
g=Some(1.0)
0.800000,17.832088,20.342282,17.996174,21.116042,19.137211,19.147080
0.980000,32.822403,36.607319,33.359574,35.690981,35.192212,34.175229
g=Some(2.0)
0.800000,17.558465,22.422872,18.037594,23.927754,20.179374,21.631764
0.980000,32.225386,39.829796,33.415607,40.803887,35.511843,36.290805
g=Some(4.0)
0.800000,18.646398,25.633572,18.317104,26.461685,21.403079,29.447186
0.980000,32.552376,45.875950,33.566574,49.316956,37.278907,41.977001
BoundedPareto(1.5, 1000000.0) 45
g: "Set further on", k: 10, Mean: 2.9970000029970003, C^2: 332.667
g=None
,LWL,Random,JSQ,RR,JSQ_d(2),SITA
0.800000,37.337452,61.097542,35.197310,50.671476,43.212757,79.423842
0.980000,99.867014,120.410393,52.435521,102.397303,63.193700,478.075642
g=Some(1.0)
0.800000,34.939264,43.957524,35.394395,42.384873,39.212291,45.188034
0.980000,62.638211,70.839963,57.029994,67.187319,61.496075,75.722390
g=Some(2.0)
0.800000,35.511788,49.108738,35.458785,46.056453,41.123883,53.949358
0.980000,66.008360,81.264819,54.953843,74.104815,63.636986,109.161525
g=Some(4.0)
0.800000,36.152757,53.380049,35.493924,50.467202,42.327280,63.701166
0.980000,70.824009,90.618513,55.041384,81.888275,65.032369,171.778219
Bimodal(1.0, 1000.0, 0.9995) 46
g: "Set further on", k: 10, Mean: 1.499499999999945, C^2: 221.81496299588213
g=None
,LWL,Random,JSQ,RR,JSQ_d(2),Split
0.800000,79.775867,31.674950,17.720879,28.617740,21.844779,40.477782
0.980000,560.371086,63.874186,26.554367,61.284650,32.191007,256.043391
g=Some(1.0)
0.800000,17.383212,19.790562,17.559955,20.457175,18.604543,18.716179
0.980000,25.267274,29.678148,25.879953,29.123648,28.119232,27.168613
g=Some(2.0)
0.800000,17.138764,21.744228,17.669590,23.074018,19.695880,21.095439
0.980000,24.805603,33.278721,26.229736,34.252284,29.038225,29.718771
g=Some(4.0)
0.800000,18.079665,24.546052,17.910103,24.632317,20.780009,28.349634
0.980000,25.668014,38.176069,26.356885,38.921883,30.215650,36.449354
BoundedPareto(1.5, 1000000.0) 46
g: "Set further on", k: 10, Mean: 2.9970000029970003, C^2: 332.667
g=None
,LWL,Random,JSQ,RR,JSQ_d(2),SITA
0.800000,37.130386,62.214998,35.229993,52.762736,43.671794,81.042786
0.980000,102.338124,115.867831,54.485118,100.213254,66.368413,516.045465
g=Some(1.0)
0.800000,34.782806,44.066274,35.391969,42.508345,39.206997,45.374725
0.980000,64.453893,73.328176,58.667236,69.996340,63.925834,80.095454
g=Some(2.0)
0.800000,35.273338,49.237827,35.375420,46.120924,41.197785,54.394953
0.980000,68.319172,84.643563,56.422924,77.449228,65.459940,113.704390
g=Some(4.0)
0.800000,35.934033,53.337538,35.476515,50.590989,42.283786,64.513327
0.980000,74.981855,95.287496,56.185973,85.043618,66.260343,176.031185
Bimodal(1.0, 1000.0, 0.9995) 47
g: "Set further on", k: 10, Mean: 1.499499999999945, C^2: 221.81496299588213
g=None
,LWL,Random,JSQ,RR,JSQ_d(2),Split
0.800000,90.891084,30.706680,16.747738,23.972770,20.445743,38.575512
0.980000,478.988631,52.074867,24.945550,43.742312,31.095363,255.391792
g=Some(1.0)
0.800000,16.500474,18.441435,16.630519,18.824035,17.416583,17.483161
0.980000,24.176250,27.847252,24.738748,27.469059,26.636379,26.043531
g=Some(2.0)
0.800000,16.275138,20.226603,16.681052,20.890217,18.578810,19.959790
0.980000,23.761806,31.281378,25.039988,31.828737,27.625427,28.081033
g=Some(4.0)
0.800000,16.915606,22.923049,16.876726,22.797947,19.628574,26.638511
0.980000,24.475497,36.426330,25.254489,37.680247,28.707218,34.207805
BoundedPareto(1.5, 1000000.0) 47
g: "Set further on", k: 10, Mean: 2.9970000029970003, C^2: 332.667
g=None
,LWL,Random,JSQ,RR,JSQ_d(2),SITA
0.800000,39.562880,62.140201,35.516093,51.466801,43.697331,83.275739
0.980000,135.043150,118.705633,56.048569,101.690768,66.854996,546.262961
g=Some(1.0)
0.800000,35.192275,44.124615,35.585384,42.517624,39.402611,45.939742
0.980000,69.027059,77.252400,61.982384,74.202976,67.667114,83.778316
g=Some(2.0)
0.800000,35.804966,49.288400,35.708599,46.283004,41.461803,55.328848
0.980000,73.230521,88.191575,58.729643,80.317245,68.465597,117.774250
g=Some(4.0)
0.800000,36.654012,53.792236,35.717051,50.271560,42.512757,65.723856
0.980000,80.175510,99.028824,57.889289,89.423379,68.458151,187.155046
Bimodal(1.0, 1000.0, 0.9995) 48
g: "Set further on", k: 10, Mean: 1.499499999999945, C^2: 221.81496299588213
g=None
,LWL,Random,JSQ,RR,JSQ_d(2),Split
0.800000,116.781867,38.410394,18.530806,30.424505,23.263209,43.940726
0.980000,703.441779,88.763820,38.164171,81.100398,46.502800,253.265729
g=Some(1.0)
0.800000,18.238282,21.101922,18.428698,21.712495,19.665484,19.650491
0.980000,36.731524,41.395282,38.268293,42.088978,40.168439,38.857869
g=Some(2.0)
0.800000,17.954722,23.090914,18.449740,24.541633,20.859985,22.181940
0.980000,35.774514,47.772021,38.478582,46.995802,43.118407,42.266995
g=Some(4.0)
0.800000,19.138872,26.685561,18.804773,27.331903,22.208717,30.386799
0.980000,35.395806,56.394781,39.280438,59.677201,44.087591,48.922668
BoundedPareto(1.5, 1000000.0) 48
g: "Set further on", k: 10, Mean: 2.9970000029970003, C^2: 332.667
g=None
,LWL,Random,JSQ,RR,JSQ_d(2),SITA
0.800000,36.097130,61.227676,34.745315,51.841458,42.838580,79.852546
0.980000,87.366272,116.282591,52.394468,102.403481,64.051639,511.933864
g=Some(1.0)
0.800000,34.232618,43.372032,34.849135,41.780679,38.538759,44.747703
0.980000,61.905500,70.215917,55.951200,66.667443,60.661943,75.646554
g=Some(2.0)
0.800000,34.707811,48.488085,34.919244,45.725162,40.698839,53.556177
0.980000,65.187289,80.402880,53.997847,73.184084,62.564481,106.954106
g=Some(4.0)
0.800000,35.259276,52.251466,34.988946,49.796999,41.694469,63.551423
0.980000,68.405080,89.437823,53.533743,80.137449,63.064279,163.591211
Bimodal(1.0, 1000.0, 0.9995) 49
g: "Set further on", k: 10, Mean: 1.499499999999945, C^2: 221.81496299588213
g=None
,LWL,Random,JSQ,RR,JSQ_d(2),Split
0.800000,115.278546,34.395091,17.833409,26.389484,21.949121,41.734198
0.980000,627.295801,68.916645,28.381272,56.529621,35.004138,254.655606
g=Some(1.0)
0.800000,17.564426,19.989607,17.752497,20.500905,18.850419,18.852369
0.980000,27.899672,32.446099,28.330710,31.741334,30.645325,29.963769
g=Some(2.0)
0.800000,17.303912,21.797649,17.806716,23.213590,19.756410,21.259349
0.980000,27.428913,35.997722,28.601472,37.096249,31.431849,32.234315
g=Some(4.0)
0.800000,18.212674,24.859534,18.053628,25.680664,20.971082,28.754420
0.980000,28.025060,42.494224,29.057133,43.955360,32.228631,37.702375
BoundedPareto(1.5, 1000000.0) 49
g: "Set further on", k: 10, Mean: 2.9970000029970003, C^2: 332.667
g=None
,LWL,Random,JSQ,RR,JSQ_d(2),SITA
0.800000,35.535044,60.310595,34.381577,50.403588,42.439344,78.377087
0.980000,72.587153,109.054906,48.530911,90.313038,60.767079,567.713920
g=Some(1.0)
0.800000,33.939381,43.111768,34.498897,41.560544,38.336785,44.211770
0.980000,54.816606,64.661480,51.104561,62.252113,56.008787,71.554395
g=Some(2.0)
0.800000,34.361359,48.095246,34.561850,45.245860,40.325127,52.909093
0.980000,57.693978,74.822275,49.899573,68.508939,58.133821,101.881160
g=Some(4.0)
0.800000,34.849521,51.995516,34.503011,49.154815,41.278390,62.525557
0.980000,61.068442,83.852222,49.870131,75.281859,59.112289,153.907419
Bimodal(1.0, 1000.0, 0.9995) 50
g: "Set further on", k: 10, Mean: 1.499499999999945, C^2: 221.81496299588213
g=None
,LWL,Random,JSQ,RR,JSQ_d(2),Split
0.800000,135.216337,34.879963,18.357061,28.309011,23.062399,48.690383
0.980000,694.251083,81.183950,38.909290,66.337229,45.351312,265.506487
g=Some(1.0)
0.800000,18.117595,20.736546,18.308619,21.440929,19.415944,19.459638
0.980000,37.782253,42.064221,38.321102,42.307031,41.216298,40.273651
g=Some(2.0)
0.800000,17.837759,22.550033,18.383564,24.090051,20.501395,21.851522
0.980000,37.065419,46.391071,39.273491,47.045701,41.963903,42.823147
g=Some(4.0)
0.800000,18.805940,25.852874,18.623707,26.351658,22.032902,29.783223
0.980000,36.936245,52.821476,39.133898,52.150305,43.260700,47.206541
BoundedPareto(1.5, 1000000.0) 50
g: "Set further on", k: 10, Mean: 2.9970000029970003, C^2: 332.667
g=None
,LWL,Random,JSQ,RR,JSQ_d(2),SITA
0.800000,37.192915,63.071716,35.290218,52.077262,43.701697,80.769625
0.980000,91.206858,125.933829,55.264687,99.896424,68.302364,584.711577
g=Some(1.0)
0.800000,34.950891,44.204285,35.431227,42.474671,39.370490,45.438775
0.980000,64.911145,73.858056,59.292538,71.211616,63.331759,80.844373
g=Some(2.0)
0.800000,35.470110,49.368124,35.485311,46.496899,41.440832,54.371262
0.980000,68.221443,85.611229,56.745126,78.877152,65.844692,116.615094
g=Some(4.0)
0.800000,36.074755,53.505704,35.494109,51.100546,42.429264,64.700705
0.980000,72.908946,95.481126,56.827829,88.070147,66.050337,181.403323
Bimodal(1.0, 1000.0, 0.9995) 51
g: "Set further on", k: 10, Mean: 1.499499999999945, C^2: 221.81496299588213
g=None
,LWL,Random,JSQ,RR,JSQ_d(2),Split
0.800000,90.220460,32.928909,17.785094,27.718529,22.192089,42.839600
0.980000,595.574620,65.414160,28.325041,57.265326,35.182253,253.221136
g=Some(1.0)
0.800000,17.466562,19.975686,17.653788,20.466679,18.719129,18.781437
0.980000,27.477842,32.438509,28.040638,31.795487,30.663936,29.700199
g=Some(2.0)
0.800000,17.174281,21.762441,17.617118,23.140298,19.897842,21.120118
0.980000,26.865406,36.425765,28.544058,37.528871,31.520208,32.220872
g=Some(4.0)
0.800000,17.983801,24.867382,17.910052,25.480577,20.839777,28.775362
0.980000,27.190276,41.955361,28.938331,43.704334,32.740894,38.578463
BoundedPareto(1.5, 1000000.0) 51
g: "Set further on", k: 10, Mean: 2.9970000029970003, C^2: 332.667
g=None
,LWL,Random,JSQ,RR,JSQ_d(2),SITA
0.800000,35.816618,60.343888,34.272083,50.241470,42.275584,77.954916
0.980000,80.729404,121.662934,52.067183,96.015055,64.240856,557.889049
g=Some(1.0)
0.800000,33.917237,42.929932,34.342135,41.456231,38.253563,44.258994
0.980000,59.696663,69.096608,54.867515,66.287243,59.427086,74.812089
g=Some(2.0)
0.800000,34.381112,47.784965,34.405543,45.290648,40.272193,53.125880
0.980000,62.430383,78.923355,52.872439,73.133097,61.301910,106.246938
g=Some(4.0)
0.800000,34.852542,51.707168,34.428447,49.834803,41.142533,62.713907
0.980000,65.805278,88.523799,53.398450,78.730861,62.357327,164.442557
Bimodal(1.0, 1000.0, 0.9995) 52
g: "Set further on", k: 10, Mean: 1.499499999999945, C^2: 221.81496299588213
g=None
,LWL,Random,JSQ,RR,JSQ_d(2),Split
0.800000,52.509552,29.501101,16.556024,24.441086,20.570171,39.871475
0.980000,407.090154,54.294125,22.895329,50.701725,29.109717,264.073836
g=Some(1.0)
0.800000,16.345733,18.532830,16.490735,19.036270,17.403708,17.464761
0.980000,21.804325,26.463680,22.352611,26.208364,24.827137,24.173218
g=Some(2.0)
0.800000,16.059647,20.068061,16.477972,21.178625,18.540217,19.726570
0.980000,21.456856,29.940821,22.677817,30.017843,25.584224,26.612770
g=Some(4.0)
0.800000,16.636656,22.675748,16.677635,22.739412,19.463300,26.978426
0.980000,23.021608,34.879989,23.034588,36.953534,26.813125,33.504990
BoundedPareto(1.5, 1000000.0) 52
g: "Set further on", k: 10, Mean: 2.9970000029970003, C^2: 332.667
g=None
,LWL,Random,JSQ,RR,JSQ_d(2),SITA
0.800000,38.266478,62.366483,35.399006,51.214635,43.749050,82.226934
