time=1000000
BoundedPareto(1.5, 1000000.0) 0
g: "Set further on", k: 10, Mean: 2.9970000029970003, C^2: 332.667
g=None
,LWL,Random,JSQ,RR,JSQ_d(2),SITA,FPI
0.800000,37.901530,63.656721,35.657606,52.087649,44.188881,79.568710,35.786542
0.980000,125.845810,123.718218,54.963544,98.693534,68.543113,516.467152,72.041734
g=Some(1.0)
0.800000,35.256665,44.649864,35.856945,42.874875,39.694045,45.855644,34.922650
0.980000,67.958992,75.613499,61.336384,72.202412,66.442823,81.470916,64.507835
g=Some(2.0)
0.800000,35.812729,49.678037,35.979355,46.456762,41.778322,54.872224,35.118482
0.980000,72.398366,87.078633,58.935662,81.468114,67.567599,115.793151,64.667695
g=Some(4.0)
0.800000,36.458876,54.174745,35.937714,51.073560,42.859242,64.667493,35.382343
0.980000,77.084779,97.190683,57.617960,87.252600,67.892139,175.783194,67.096784
BoundedPareto(1.5, 1000000.0) 1
g: "Set further on", k: 10, Mean: 2.9970000029970003, C^2: 332.667
g=None
,LWL,Random,JSQ,RR,JSQ_d(2),SITA,FPI
0.800000,36.835631,61.854134,34.661006,50.662060,42.892296,80.605865,34.795861
0.980000,94.095433,125.140710,53.115567,99.995460,64.962001,492.765766,64.578534
g=Some(1.0)
0.800000,34.376691,43.479567,34.819799,41.757720,38.690300,44.566460,34.060532
0.980000,62.707967,71.020479,56.690729,67.990504,62.151726,76.978595,59.520189
g=Some(2.0)
0.800000,34.911988,48.324990,34.902366,45.358333,40.528787,53.447909,34.255369
0.980000,66.482888,81.965031,54.614609,74.716267,63.605145,108.710136,60.193116
g=Some(4.0)
0.800000,35.563486,52.417488,34.873215,49.931691,41.638407,63.162088,34.507408
0.980000,70.561055,89.795950,54.730379,80.119736,64.682476,168.533014,61.484641
BoundedPareto(1.5, 1000000.0) 2
g: "Set further on", k: 10, Mean: 2.9970000029970003, C^2: 332.667
g=None
,LWL,Random,JSQ,RR,JSQ_d(2),SITA,FPI
0.800000,38.139050,63.235778,35.239012,51.218581,43.312371,78.992765,35.500091
0.980000,114.469646,122.844187,55.600919,99.490389,66.065507,493.826284,68.776862
g=Some(1.0)
0.800000,34.949975,43.894205,35.396621,42.331654,39.265370,45.258783,34.607893
0.980000,67.322577,73.935225,59.047529,71.738300,64.234971,79.638814,63.523105
g=Some(2.0)
0.800000,35.478187,49.093985,35.467850,45.979128,41.180153,54.054470,34.745465
0.980000,71.013149,84.576118,56.991541,77.920774,65.945352,113.225021,64.003242
g=Some(4.0)
0.800000,36.154101,53.272623,35.465140,50.747318,42.336916,63.757129,35.032316
0.980000,75.591591,93.875162,56.567144,85.503021,66.904044,178.258165,65.539870
BoundedPareto(1.5, 1000000.0) 3
g: "Set further on", k: 10, Mean: 2.9970000029970003, C^2: 332.667
g=None
,LWL,Random,JSQ,RR,JSQ_d(2),SITA,FPI
0.800000,35.682087,60.615841,34.425258,49.830459,42.490916,80.636596,34.383180
0.980000,80.046296,109.805597,51.116662,89.812424,63.855832,502.740406,59.999239
g=Some(1.0)
0.800000,34.008138,43.175039,34.520800,41.314125,38.427352,44.357223,33.750231
0.980000,58.832577,67.688215,54.030904,64.955318,58.777358,73.800646,56.148903
g=Some(2.0)
0.800000,34.435436,48.036490,34.551047,45.206403,40.400942,53.405032,33.887275
0.980000,61.966012,78.369458,52.082392,72.155140,60.698734,104.459201,56.419679
g=Some(4.0)
0.800000,35.020787,52.241146,34.510287,49.155794,41.357917,63.519336,34.120118
0.980000,65.609765,86.721031,52.211972,79.966543,61.542178,161.323907,57.885461
BoundedPareto(1.5, 1000000.0) 4
g: "Set further on", k: 10, Mean: 2.9970000029970003, C^2: 332.667
g=None
,LWL,Random,JSQ,RR,JSQ_d(2),SITA,FPI
0.800000,36.483453,61.012547,34.531391,49.893198,42.603181,79.347195,34.666599
0.980000,82.499243,110.900400,50.523625,93.297580,62.135682,518.119411,60.414226
g=Some(1.0)
0.800000,34.189973,43.253532,34.697835,41.550232,38.586488,44.691455,33.895715
0.980000,58.650326,67.228968,53.174496,64.304889,58.285493,73.011620,55.934299
g=Some(2.0)
0.800000,34.661999,48.336809,34.741129,45.251111,40.459891,53.570751,34.053301
0.980000,61.632278,77.435646,51.807159,71.311007,60.011580,102.862936,56.174072
g=Some(4.0)
0.800000,35.330217,52.402382,34.671668,49.679667,41.535732,63.183310,34.342571
0.980000,65.220332,86.433573,51.583286,76.694209,61.011851,154.968208,57.591710
BoundedPareto(1.5, 1000000.0) 5
g: "Set further on", k: 10, Mean: 2.9970000029970003, C^2: 332.667
g=None
,LWL,Random,JSQ,RR,JSQ_d(2),SITA,FPI
0.800000,43.028131,64.231365,36.474717,53.569909,44.844474,82.531283,37.179306
0.980000,161.428408,122.082993,60.279311,102.223260,72.217518,502.831664,76.220752
g=Some(1.0)
0.800000,36.474120,45.394527,36.756746,43.973302,40.560110,46.805453,36.020715
0.980000,80.630785,84.647548,70.373648,81.431126,74.945365,88.731274,75.695042
g=Some(2.0)
0.800000,37.306237,50.513963,36.729526,47.731335,42.579281,55.852838,36.245158
0.980000,86.609191,95.725357,65.752706,89.522790,76.045341,126.430810,74.488013
g=Some(4.0)
0.800000,38.397667,55.184681,36.740808,52.165243,43.610917,66.181806,36.606679
0.980000,91.680494,106.128270,64.755803,97.771556,76.220189,202.674742,74.901240
BoundedPareto(1.5, 1000000.0) 6
g: "Set further on", k: 10, Mean: 2.9970000029970003, C^2: 332.667
g=None
,LWL,Random,JSQ,RR,JSQ_d(2),SITA,FPI
0.800000,36.611125,60.924115,34.737807,50.555092,42.713063,78.587420,34.862599
0.980000,93.197403,112.784368,51.528579,87.554930,62.462055,447.164767,64.279626
g=Some(1.0)
0.800000,34.334251,43.268670,34.814038,41.613566,38.697481,44.437652,34.057827
0.980000,62.346454,70.220673,56.497961,66.168241,61.302759,75.470664,59.262802
g=Some(2.0)
0.800000,34.824634,48.440859,34.912480,45.035323,40.682731,53.198784,34.244398
0.980000,65.353124,80.667736,54.369936,73.384292,62.746133,106.245573,59.253530
g=Some(4.0)
0.800000,35.433281,52.390213,34.919635,49.568277,41.551231,62.302359,34.504477
0.980000,68.880919,89.824342,53.607638,78.861702,63.402521,157.668820,60.401198
BoundedPareto(1.5, 1000000.0) 7
g: "Set further on", k: 10, Mean: 2.9970000029970003, C^2: 332.667
g=None
,LWL,Random,JSQ,RR,JSQ_d(2),SITA,FPI
0.800000,36.850608,62.074735,35.009184,51.430614,43.352676,79.125975,35.099693
0.980000,97.978018,118.936702,54.036042,97.250951,65.543823,576.015850,66.781859
g=Some(1.0)
0.800000,34.607864,43.793036,35.170556,42.130801,39.055971,45.155016,34.330913
0.980000,65.199075,73.157215,58.195712,69.642674,63.389453,79.030451,61.877388
g=Some(2.0)
0.800000,35.149343,48.968236,35.198600,46.137333,41.127917,54.108900,34.516804
0.980000,69.088644,83.765096,56.437158,75.760195,65.317063,111.469660,62.159268
g=Some(4.0)
0.800000,35.757619,53.201337,35.179774,50.852050,42.143982,64.014840,34.782670
0.980000,73.452443,93.761510,56.000250,83.786065,65.983189,172.030047,64.081532
BoundedPareto(1.5, 1000000.0) 8
g: "Set further on", k: 10, Mean: 2.9970000029970003, C^2: 332.667
g=None
,LWL,Random,JSQ,RR,JSQ_d(2),SITA,FPI
0.800000,39.661434,64.422942,36.408689,53.613931,45.141345,82.489959,36.878598
0.980000,148.547529,122.511430,57.673834,105.117417,70.138475,527.946669,82.006092
g=Some(1.0)
0.800000,36.196475,45.306054,36.603255,43.694773,40.471198,46.677006,35.822358
0.980000,78.164423,83.052988,67.949388,79.034764,72.765589,87.172802,73.858679
g=Some(2.0)
0.800000,36.877371,50.691144,36.688469,47.475758,42.607737,55.763654,36.072196
0.980000,83.275185,97.212401,63.246041,89.056649,73.958285,125.471036,74.151898
g=Some(4.0)
0.800000,37.759347,55.054012,36.720254,51.991220,43.656021,66.488956,36.432788
0.980000,89.598867,106.922098,63.308247,97.224905,76.024454,204.202971,74.975849
BoundedPareto(1.5, 1000000.0) 9
g: "Set further on", k: 10, Mean: 2.9970000029970003, C^2: 332.667
g=None
,LWL,Random,JSQ,RR,JSQ_d(2),SITA,FPI
0.800000,34.517574,58.483382,33.530722,47.957250,41.306649,77.509057,33.398336
0.980000,65.908497,116.158186,47.419751,92.337962,59.298255,484.578720,53.566927
g=Some(1.0)
0.800000,33.087731,42.143141,33.599037,40.549431,37.445721,43.368196,32.857656
0.980000,52.251794,62.975317,49.016264,59.721131,53.994403,68.585713,50.324259
g=Some(2.0)
0.800000,33.479537,46.940490,33.627315,43.933413,39.397719,52.081755,32.988583
0.980000,54.937823,72.438270,48.049466,65.790349,56.074891,97.917328,50.949187
g=Some(4.0)
0.800000,33.928434,50.873853,33.645383,48.234138,40.298500,61.946209,33.200919
0.980000,57.869867,80.708399,48.933225,72.975392,57.145650,148.177826,51.954696
