time=1000000
BoundedPareto(1.5, 1000000.0) 0
g: "Set further on", k: 10, Mean: 2.9970000029970003, C^2: 332.667
g=None
,LWL,Random,JSQ,RR,JSQ_d(2),SITA,FPI
0.800000,37.901530,63.656721,35.657606,52.087649,44.188881,79.568710,35.786542
0.980000,125.845810,123.718218,54.963544,98.693534,68.543113,516.467152,72.041734
g=Some(1.0)
0.800000,35.256665,44.649864,35.856945,42.874875,39.694045,45.855644,34.922650
0.980000,67.958992,75.613499,61.336384,72.202412,66.442823,81.470916,64.507835
g=Some(2.0)
0.800000,35.812729,49.678037,35.979355,46.456762,41.778322,54.872224,35.118482
0.980000,72.398366,87.078633,58.935662,81.468114,67.567599,115.793151,64.667695
g=Some(4.0)
0.800000,36.458876,54.174745,35.937714,51.073560,42.859242,64.667493,35.382343
0.980000,77.084779,97.190683,57.617960,87.252600,67.892139,175.783194,67.096784
BoundedPareto(1.5, 1000000.0) 1
g: "Set further on", k: 10, Mean: 2.9970000029970003, C^2: 332.667
g=None
,LWL,Random,JSQ,RR,JSQ_d(2),SITA,FPI
0.800000,36.835631,61.854134,34.661006,50.662060,42.892296,80.605865,34.795861
0.980000,94.095433,125.140710,53.115567,99.995460,64.962001,492.765766,64.578534
g=Some(1.0)
0.800000,34.376691,43.479567,34.819799,41.757720,38.690300,44.566460,34.060532
0.980000,62.707967,71.020479,56.690729,67.990504,62.151726,76.978595,59.520189
g=Some(2.0)
0.800000,34.911988,48.324990,34.902366,45.358333,40.528787,53.447909,34.255369
0.980000,66.482888,81.965031,54.614609,74.716267,63.605145,108.710136,60.193116
g=Some(4.0)
0.800000,35.563486,52.417488,34.873215,49.931691,41.638407,63.162088,34.507408
0.980000,70.561055,89.795950,54.730379,80.119736,64.682476,168.533014,61.484641
BoundedPareto(1.5, 1000000.0) 2
g: "Set further on", k: 10, Mean: 2.9970000029970003, C^2: 332.667
g=None
,LWL,Random,JSQ,RR,JSQ_d(2),SITA,FPI
0.800000,38.139050,63.235778,35.239012,51.218581,43.312371,78.992765,35.500091
0.980000,114.469646,122.844187,55.600919,99.490389,66.065507,493.826284,68.776862
g=Some(1.0)
0.800000,34.949975,43.894205,35.396621,42.331654,39.265370,45.258783,34.607893
0.980000,67.322577,73.935225,59.047529,71.738300,64.234971,79.638814,63.523105
g=Some(2.0)
0.800000,35.478187,49.093985,35.467850,45.979128,41.180153,54.054470,34.745465
0.980000,71.013149,84.576118,56.991541,77.920774,65.945352,113.225021,64.003242
g=Some(4.0)
0.800000,36.154101,53.272623,35.465140,50.747318,42.336916,63.757129,35.032316
0.980000,75.591591,93.875162,56.567144,85.503021,66.904044,178.258165,65.539870
BoundedPareto(1.5, 1000000.0) 3
g: "Set further on", k: 10, Mean: 2.9970000029970003, C^2: 332.667
g=None
,LWL,Random,JSQ,RR,JSQ_d(2),SITA,FPI
0.800000,35.682087,60.615841,34.425258,49.830459,42.490916,80.636596,34.383180
0.980000,80.046296,109.805597,51.116662,89.812424,63.855832,502.740406,59.999239
g=Some(1.0)
0.800000,34.008138,43.175039,34.520800,41.314125,38.427352,44.357223,33.750231
0.980000,58.832577,67.688215,54.030904,64.955318,58.777358,73.800646,56.148903
g=Some(2.0)
0.800000,34.435436,48.036490,34.551047,45.206403,40.400942,53.405032,33.887275
0.980000,61.966012,78.369458,52.082392,72.155140,60.698734,104.459201,56.419679
g=Some(4.0)
0.800000,35.020787,52.241146,34.510287,49.155794,41.357917,63.519336,34.120118
0.980000,65.609765,86.721031,52.211972,79.966543,61.542178,161.323907,57.885461
BoundedPareto(1.5, 1000000.0) 4
g: "Set further on", k: 10, Mean: 2.9970000029970003, C^2: 332.667
g=None
,LWL,Random,JSQ,RR,JSQ_d(2),SITA,FPI
0.800000,36.483453,61.012547,34.531391,49.893198,42.603181,79.347195,34.666599
0.980000,82.499243,110.900400,50.523625,93.297580,62.135682,518.119411,60.414226
g=Some(1.0)
0.800000,34.189973,43.253532,34.697835,41.550232,38.586488,44.691455,33.895715
0.980000,58.650326,67.228968,53.174496,64.304889,58.285493,73.011620,55.934299
g=Some(2.0)
0.800000,34.661999,48.336809,34.741129,45.251111,40.459891,53.570751,34.053301
0.980000,61.632278,77.435646,51.807159,71.311007,60.011580,102.862936,56.174072
g=Some(4.0)
0.800000,35.330217,52.402382,34.671668,49.679667,41.535732,63.183310,34.342571
0.980000,65.220332,86.433573,51.583286,76.694209,61.011851,154.968208,57.591710
BoundedPareto(1.5, 1000000.0) 5
g: "Set further on", k: 10, Mean: 2.9970000029970003, C^2: 332.667
g=None
,LWL,Random,JSQ,RR,JSQ_d(2),SITA,FPI
0.800000,43.028131,64.231365,36.474717,53.569909,44.844474,82.531283,37.179306
0.980000,161.428408,122.082993,60.279311,102.223260,72.217518,502.831664,76.220752
g=Some(1.0)
0.800000,36.474120,45.394527,36.756746,43.973302,40.560110,46.805453,36.020715
0.980000,80.630785,84.647548,70.373648,81.431126,74.945365,88.731274,75.695042
g=Some(2.0)
0.800000,37.306237,50.513963,36.729526,47.731335,42.579281,55.852838,36.245158
0.980000,86.609191,95.725357,65.752706,89.522790,76.045341,126.430810,74.488013
g=Some(4.0)
0.800000,38.397667,55.184681,36.740808,52.165243,43.610917,66.181806,36.606679
0.980000,91.680494,106.128270,64.755803,97.771556,76.220189,202.674742,74.901240
BoundedPareto(1.5, 1000000.0) 6
g: "Set further on", k: 10, Mean: 2.9970000029970003, C^2: 332.667
g=None
,LWL,Random,JSQ,RR,JSQ_d(2),SITA,FPI
0.800000,36.611125,60.924115,34.737807,50.555092,42.713063,78.587420,34.862599
0.980000,93.197403,112.784368,51.528579,87.554930,62.462055,447.164767,64.279626
g=Some(1.0)
0.800000,34.334251,43.268670,34.814038,41.613566,38.697481,44.437652,34.057827
0.980000,62.346454,70.220673,56.497961,66.168241,61.302759,75.470664,59.262802
g=Some(2.0)
0.800000,34.824634,48.440859,34.912480,45.035323,40.682731,53.198784,34.244398
0.980000,65.353124,80.667736,54.369936,73.384292,62.746133,106.245573,59.253530
g=Some(4.0)
0.800000,35.433281,52.390213,34.919635,49.568277,41.551231,62.302359,34.504477
0.980000,68.880919,89.824342,53.607638,78.861702,63.402521,157.668820,60.401198
BoundedPareto(1.5, 1000000.0) 7
g: "Set further on", k: 10, Mean: 2.9970000029970003, C^2: 332.667
g=None
,LWL,Random,JSQ,RR,JSQ_d(2),SITA,FPI
0.800000,36.850608,62.074735,35.009184,51.430614,43.352676,79.125975,35.099693
0.980000,97.978018,118.936702,54.036042,97.250951,65.543823,576.015850,66.781859
g=Some(1.0)
0.800000,34.607864,43.793036,35.170556,42.130801,39.055971,45.155016,34.330913
0.980000,65.199075,73.157215,58.195712,69.642674,63.389453,79.030451,61.877388
g=Some(2.0)
0.800000,35.149343,48.968236,35.198600,46.137333,41.127917,54.108900,34.516804
0.980000,69.088644,83.765096,56.437158,75.760195,65.317063,111.469660,62.159268
g=Some(4.0)
0.800000,35.757619,53.201337,35.179774,50.852050,42.143982,64.014840,34.782670
0.980000,73.452443,93.761510,56.000250,83.786065,65.983189,172.030047,64.081532
BoundedPareto(1.5, 1000000.0) 8
g: "Set further on", k: 10, Mean: 2.9970000029970003, C^2: 332.667
g=None
,LWL,Random,JSQ,RR,JSQ_d(2),SITA,FPI
0.800000,39.661434,64.422942,36.408689,53.613931,45.141345,82.489959,36.878598
0.980000,148.547529,122.511430,57.673834,105.117417,70.138475,527.946669,82.006092
g=Some(1.0)
0.800000,36.196475,45.306054,36.603255,43.694773,40.471198,46.677006,35.822358
0.980000,78.164423,83.052988,67.949388,79.034764,72.765589,87.172802,73.858679
g=Some(2.0)
0.800000,36.877371,50.691144,36.688469,47.475758,42.607737,55.763654,36.072196
0.980000,83.275185,97.212401,63.246041,89.056649,73.958285,125.471036,74.151898
g=Some(4.0)
0.800000,37.759347,55.054012,36.720254,51.991220,43.656021,66.488956,36.432788
0.980000,89.598867,106.922098,63.308247,97.224905,76.024454,204.202971,74.975849
BoundedPareto(1.5, 1000000.0) 9
g: "Set further on", k: 10, Mean: 2.9970000029970003, C^2: 332.667
g=None
,LWL,Random,JSQ,RR,JSQ_d(2),SITA,FPI
0.800000,34.517574,58.483382,33.530722,47.957250,41.306649,77.509057,33.398336
0.980000,65.908497,116.158186,47.419751,92.337962,59.298255,484.578720,53.566927
g=Some(1.0)
0.800000,33.087731,42.143141,33.599037,40.549431,37.445721,43.368196,32.857656
0.980000,52.251794,62.975317,49.016264,59.721131,53.994403,68.585713,50.324259
g=Some(2.0)
0.800000,33.479537,46.940490,33.627315,43.933413,39.397719,52.081755,32.988583
0.980000,54.937823,72.438270,48.049466,65.790349,56.074891,97.917328,50.949187
g=Some(4.0)
0.800000,33.928434,50.873853,33.645383,48.234138,40.298500,61.946209,33.200919
0.980000,57.869867,80.708399,48.933225,72.975392,57.145650,148.177826,51.954696
BoundedPareto(1.5, 1000000.0) 10
g: "Set further on", k: 10, Mean: 2.9970000029970003, C^2: 332.667
g=None
,LWL,Random,JSQ,RR,JSQ_d(2),SITA,FPI
0.800000,37.207927,63.358996,35.204967,51.883939,43.702101,81.760071,35.327270
0.980000,107.612591,120.209509,57.921636,97.194601,68.371189,560.108244,71.680272
g=Some(1.0)
0.800000,34.849110,44.073376,35.342071,42.384376,39.265887,45.133848,34.540901
0.980000,72.901113,77.654932,62.782698,73.775158,66.941047,82.809576,67.491874
g=Some(2.0)
0.800000,35.380232,49.234346,35.398944,46.228515,41.372930,54.182703,34.713630
0.980000,76.573797,87.135306,59.188746,82.656969,69.695339,116.663033,67.265683
g=Some(4.0)
0.800000,36.115744,53.456102,35.426615,51.112890,42.371291,64.244937,34.997530
0.980000,79.976543,98.204658,58.731399,88.406750,69.476883,179.536686,68.527402
BoundedPareto(1.5, 1000000.0) 11
g: "Set further on", k: 10, Mean: 2.9970000029970003, C^2: 332.667
g=None
,LWL,Random,JSQ,RR,JSQ_d(2),SITA,FPI
0.800000,40.288461,62.372130,35.604401,51.397013,43.668611,80.928184,35.795117
0.980000,117.886371,113.161708,53.890769,92.619286,67.316423,513.821297,66.698627
g=Some(1.0)
0.800000,35.414441,44.491315,35.796086,42.694440,39.734294,45.728927,35.042719
0.980000,67.673698,75.747195,60.018105,71.472495,66.620377,80.992411,63.873484
g=Some(2.0)
0.800000,36.151043,49.487490,35.857445,46.630294,41.592505,54.910058,35.195824
0.980000,71.083598,85.184972,57.683351,78.718429,67.069316,115.274119,63.805195
g=Some(4.0)
0.800000,36.817660,53.840141,35.830031,51.149596,42.551154,64.220105,35.477926
0.980000,74.089974,95.608890,57.127752,86.843548,68.326950,179.362375,64.758069
BoundedPareto(1.5, 1000000.0) 12
g: "Set further on", k: 10, Mean: 2.9970000029970003, C^2: 332.667
g=None
,LWL,Random,JSQ,RR,JSQ_d(2),SITA,FPI
0.800000,37.480785,62.246813,35.061035,51.449179,43.396689,81.909041,35.335110
0.980000,94.386478,107.945818,53.072762,93.499798,64.555981,513.144863,65.201641
g=Some(1.0)
0.800000,34.776648,43.972537,35.214076,42.501637,39.153243,45.422731,34.468135
0.980000,62.627288,70.874017,56.765541,68.051581,62.154631,77.519996,59.775852
g=Some(2.0)
0.800000,35.368505,49.036792,35.283617,46.029111,41.175659,54.198288,34.669582
0.980000,65.856073,81.470324,54.765934,74.152120,63.855927,110.206754,59.898407
g=Some(4.0)
0.800000,36.058946,53.179112,35.280663,50.402750,42.085149,64.664641,34.956041
0.980000,70.746832,91.282888,54.864847,80.099742,64.700670,168.304471,61.295272
BoundedPareto(1.5, 1000000.0) 13
g: "Set further on", k: 10, Mean: 2.9970000029970003, C^2: 332.667
g=None
,LWL,Random,JSQ,RR,JSQ_d(2),SITA,FPI
0.800000,34.774858,58.387904,33.409084,47.715330,41.124467,76.052724,33.334311
0.980000,69.911801,112.441715,47.967701,91.196303,59.408815,504.794045,55.443297
g=Some(1.0)
0.800000,33.033823,41.983800,33.527346,40.266353,37.421357,43.100148,32.797052
0.980000,55.304177,64.345979,50.679013,61.128351,55.625079,69.816539,52.837243
g=Some(2.0)
0.800000,33.387892,46.784367,33.579151,43.913378,39.313797,51.649288,32.912536
0.980000,58.161443,74.299347,49.491522,66.987431,57.617882,98.232459,53.232957
g=Some(4.0)
0.800000,33.828180,50.744482,33.506184,48.488659,40.251838,61.016574,33.097731
0.980000,60.825082,81.598368,49.227905,73.326419,58.658572,147.458446,54.120667
BoundedPareto(1.5, 1000000.0) 14
g: "Set further on", k: 10, Mean: 2.9970000029970003, C^2: 332.667
g=None
,LWL,Random,JSQ,RR,JSQ_d(2),SITA,FPI
0.800000,37.981950,62.984634,35.610408,52.265390,44.216366,81.272165,35.942480
0.980000,117.974248,126.462276,56.642394,109.119107,70.354048,522.682213,71.414323
g=Some(1.0)
0.800000,35.295719,44.533509,35.834984,42.855930,39.598461,45.795872,34.972027
0.980000,67.890635,74.869967,61.478806,72.317621,65.616682,82.274204,64.485604
g=Some(2.0)
0.800000,35.900570,49.654927,35.855654,46.543183,41.691894,54.523957,35.199901
0.980000,72.385968,87.547914,58.715103,80.715541,67.721003,117.703520,65.216799
g=Some(4.0)
0.800000,36.625704,53.945299,35.901487,51.756606,42.735224,64.112810,35.532352
0.980000,78.167622,97.554455,58.389851,87.671644,68.426642,183.742724,67.769043
BoundedPareto(1.5, 1000000.0) 15
g: "Set further on", k: 10, Mean: 2.9970000029970003, C^2: 332.667
g=None
,LWL,Random,JSQ,RR,JSQ_d(2),SITA,FPI
0.800000,48.715896,65.723763,40.139731,54.804238,47.295231,83.848534,41.161512
0.980000,273.006980,141.189280,64.090843,122.490048,73.298288,612.879725,91.323798
g=Some(1.0)
0.800000,40.026710,48.754753,40.263378,46.996622,44.079200,50.301983,39.461322
0.980000,80.730270,87.541271,71.427455,83.771029,76.411170,91.233368,76.544615
g=Some(2.0)
0.800000,41.140306,55.055633,40.400795,51.141495,46.362977,60.728587,39.767945
0.980000,86.521620,98.708731,67.610832,90.157892,77.912669,132.292201,77.124789
g=Some(4.0)
0.800000,42.445058,60.039980,40.450663,55.517250,47.660733,71.577364,40.259387
0.980000,95.240474,111.072532,68.207745,103.654121,78.506191,225.239356,82.680500
BoundedPareto(1.5, 1000000.0) 16
g: "Set further on", k: 10, Mean: 2.9970000029970003, C^2: 332.667
g=None
,LWL,Random,JSQ,RR,JSQ_d(2),SITA,FPI
0.800000,34.786036,58.957527,34.003618,49.031626,41.939538,79.225954,33.749076
0.980000,70.868004,110.482595,49.473625,91.226916,60.794825,582.286891,56.737055
g=Some(1.0)
0.800000,33.467055,42.519569,33.989331,40.917071,37.896091,43.797687,33.219669
0.980000,56.400102,65.951857,51.789969,62.933728,56.730283,72.567362,53.718585
g=Some(2.0)
0.800000,33.859783,47.461383,34.068992,44.336348,39.835521,52.712318,33.345223
0.980000,59.505645,75.721517,50.538794,68.865962,58.777936,101.349255,54.234474
g=Some(4.0)
0.800000,34.296874,51.490659,34.002352,49.521605,40.902653,62.345915,33.562835
0.980000,62.276820,84.158280,50.540102,77.198942,59.910403,153.559471,55.300835
BoundedPareto(1.5, 1000000.0) 17
g: "Set further on", k: 10, Mean: 2.9970000029970003, C^2: 332.667
g=None
,LWL,Random,JSQ,RR,JSQ_d(2),SITA,FPI
0.800000,36.769150,61.406389,34.907395,50.786588,42.842762,81.720921,34.859187
0.980000,120.325835,119.373442,56.045175,102.632706,67.471346,594.478319,72.374639
g=Some(1.0)
0.800000,34.360919,43.382512,34.973399,41.884185,38.638846,44.894900,34.064014
0.980000,70.805633,78.174959,63.303925,75.306737,68.158671,83.075195,67.292625
g=Some(2.0)
0.800000,34.898354,48.533827,35.048887,45.625248,40.701261,53.651149,34.225562
0.980000,74.339849,89.100869,60.146567,81.518244,68.860895,117.011723,66.673315
g=Some(4.0)
0.800000,35.487268,52.594106,35.037020,50.117170,41.646992,63.458509,34.481583
0.980000,79.562303,98.756294,59.354168,88.045647,70.085887,182.326363,68.747861
BoundedPareto(1.5, 1000000.0) 18
g: "Set further on", k: 10, Mean: 2.9970000029970003, C^2: 332.667
g=None
,LWL,Random,JSQ,RR,JSQ_d(2),SITA,FPI
0.800000,37.054775,62.394205,35.343390,51.695916,43.532802,81.603068,35.366350
0.980000,111.991585,113.582289,54.537271,98.174604,64.947581,558.692025,71.589835
g=Some(1.0)
0.800000,34.891805,44.226179,35.377862,42.498543,39.290903,45.345768,34.597949
0.980000,69.590561,76.500227,61.649939,73.026381,67.582345,80.890661,65.897268
g=Some(2.0)
0.800000,35.402667,49.256807,35.435927,46.120769,41.307730,54.458960,34.741962
0.980000,74.007674,87.411244,58.079653,77.576338,66.991560,115.261087,65.990205
g=Some(4.0)
0.800000,36.056795,53.485888,35.513429,51.270765,42.325197,64.205831,35.039344
0.980000,77.817381,98.029169,58.471092,86.408051,68.496738,183.013527,67.432021
BoundedPareto(1.5, 1000000.0) 19
g: "Set further on", k: 10, Mean: 2.9970000029970003, C^2: 332.667
g=None
,LWL,Random,JSQ,RR,JSQ_d(2),SITA,FPI
0.800000,39.187812,63.844632,36.207761,52.818369,44.705798,82.030942,36.546306
0.980000,119.807501,124.961439,57.786783,101.936999,69.442658,607.195976,73.945879
g=Some(1.0)
0.800000,35.900858,45.042774,36.322305,43.619145,40.194990,46.393785,35.525929
0.980000,74.355756,79.834143,65.005263,76.958186,69.776775,85.185980,70.135913
g=Some(2.0)
0.800000,36.468270,50.418671,36.380285,47.194405,42.262455,55.509687,35.720144
0.980000,79.256033,91.758808,61.569068,81.845814,71.818250,120.267496,69.182331
g=Some(4.0)
0.800000,37.228775,54.693918,36.479353,51.799132,43.358497,65.165031,36.042853
0.980000,84.296168,102.208362,61.198093,92.027892,72.096908,186.954118,70.981425
BoundedPareto(1.5, 1000000.0) 20
g: "Set further on", k: 10, Mean: 2.9970000029970003, C^2: 332.667
g=None
,LWL,Random,JSQ,RR,JSQ_d(2),SITA,FPI
0.800000,34.957666,60.494628,34.200835,49.767739,42.306046,79.091329,33.897020
0.980000,76.265398,113.315396,49.037323,94.310126,59.980406,583.184801,58.868326
g=Some(1.0)
0.800000,33.621774,42.820967,34.343670,41.254625,38.171916,44.146025,33.390481
0.980000,55.151011,64.934853,51.420152,61.970008,56.255519,72.185133,53.020959
g=Some(2.0)
0.800000,33.986438,47.949069,34.354906,44.946777,40.204593,53.110406,33.501873
0.980000,58.135166,75.962953,50.182750,68.314255,58.487622,102.855311,53.818036
g=Some(4.0)
0.800000,34.398639,52.002330,34.346101,49.697214,41.189253,62.537466,33.722064
0.980000,61.487375,84.435626,50.084949,76.309165,59.564171,159.649817,55.052421
BoundedPareto(1.5, 1000000.0) 21
g: "Set further on", k: 10, Mean: 2.9970000029970003, C^2: 332.667
g=None
,LWL,Random,JSQ,RR,JSQ_d(2),SITA,FPI
0.800000,34.647263,58.904215,33.660174,48.352328,41.472641,78.263707,33.579121
0.980000,87.611154,114.097805,49.577561,92.619467,61.249583,487.046331,59.434632
g=Some(1.0)
0.800000,33.288039,42.405743,33.793703,40.636926,37.687583,43.650802,33.055439
0.980000,58.870505,66.947494,53.439255,63.798442,58.637837,73.455720,56.397771
g=Some(2.0)
0.800000,33.687282,47.250590,33.860331,44.379995,39.645786,52.236168,33.186428
0.980000,63.356252,77.425092,52.188493,70.798241,60.457910,103.915017,57.406944
g=Some(4.0)
0.800000,34.157138,51.095260,33.754694,49.318595,40.589913,61.712456,33.378860
0.980000,68.808860,86.209461,52.104808,77.444978,61.303587,156.285210,58.489278
BoundedPareto(1.5, 1000000.0) 22
g: "Set further on", k: 10, Mean: 2.9970000029970003, C^2: 332.667
g=None
,LWL,Random,JSQ,RR,JSQ_d(2),SITA,FPI
0.800000,34.771070,58.810836,33.828376,48.954450,41.658971,78.461394,33.662614
0.980000,66.753918,106.653713,47.976764,90.759481,59.570308,527.228369,54.656286
g=Some(1.0)
0.800000,33.360638,42.454976,33.869011,40.872323,37.768859,43.727949,33.119045
0.980000,53.488189,63.813058,49.960211,60.613584,54.924965,70.518721,51.431736
g=Some(2.0)
0.800000,33.741973,47.364896,33.959646,44.385509,39.772509,52.365748,33.248113
0.980000,56.128210,74.172868,49.006353,66.949588,57.079130,100.463614,52.091254
g=Some(4.0)
0.800000,34.194514,51.522565,33.942571,48.742572,40.644685,61.900337,33.453211
0.980000,59.157886,81.986911,49.051174,72.927273,57.968736,151.505824,53.195348
BoundedPareto(1.5, 1000000.0) 23
g: "Set further on", k: 10, Mean: 2.9970000029970003, C^2: 332.667
g=None
,LWL,Random,JSQ,RR,JSQ_d(2),SITA,FPI
0.800000,36.486761,61.032852,34.707124,50.634287,43.029047,80.257619,34.750426
0.980000,97.359160,117.489894,53.350797,98.678069,65.855807,531.045946,65.736302
g=Some(1.0)
0.800000,34.288718,43.474024,34.797570,42.049669,38.693768,44.921089,34.006442
0.980000,67.321411,74.083613,59.797528,70.459057,64.315242,79.449085,63.472107
g=Some(2.0)
0.800000,34.778586,48.716079,34.856931,45.736874,40.722406,53.670377,34.153678
0.980000,71.331715,84.964200,56.689795,77.680397,66.032815,111.690671,63.432780
g=Some(4.0)
0.800000,35.376101,52.808090,34.897898,50.809457,41.725897,63.713079,34.422286
0.980000,74.524306,94.527487,56.365314,83.504459,66.871659,168.004980,64.158848
BoundedPareto(1.5, 1000000.0) 24
g: "Set further on", k: 10, Mean: 2.9970000029970003, C^2: 332.667
g=None
,LWL,Random,JSQ,RR,JSQ_d(2),SITA,FPI
0.800000,36.239662,60.640895,34.391527,50.009630,42.499041,79.819338,34.500127
0.980000,80.996607,112.887544,50.917448,92.983115,61.919719,493.979965,60.138090
g=Some(1.0)
0.800000,34.063538,43.050603,34.520543,41.398433,38.407786,44.254756,33.775592
0.980000,58.361926,67.414237,53.584828,64.811362,58.806288,73.892423,55.677311
g=Some(2.0)
0.800000,34.497713,48.173217,34.602948,45.102842,40.353198,53.286855,33.920349
0.980000,61.238535,78.179132,52.312248,71.216230,60.675312,104.321305,56.279996
g=Some(4.0)
0.800000,35.086837,52.039274,34.539588,49.756429,41.282729,63.212699,34.186479
0.980000,65.136848,86.306866,52.198740,77.951843,61.510518,156.132970,57.549582
BoundedPareto(1.5, 1000000.0) 25
g: "Set further on", k: 10, Mean: 2.9970000029970003, C^2: 332.667
g=None
,LWL,Random,JSQ,RR,JSQ_d(2),SITA,FPI
0.800000,36.995407,60.228496,34.735372,50.261480,42.809278,80.109008,34.826956
0.980000,91.480749,119.394695,51.784334,102.858208,63.423504,552.998323,63.250962
g=Some(1.0)
0.800000,34.503455,43.475845,34.870984,41.802670,38.772797,44.863433,34.167821
0.980000,62.012427,69.905737,55.219677,66.578245,60.556927,73.975008,58.975979
g=Some(2.0)
0.800000,34.980764,48.490950,34.917146,45.765612,40.738285,53.958351,34.296332
0.980000,65.295117,79.777557,54.144854,72.408806,61.977769,105.452221,59.255974
g=Some(4.0)
0.800000,35.647440,52.841738,34.942520,50.497917,41.813738,63.578678,34.531289
0.980000,69.917739,89.368807,53.757778,81.349396,63.345946,163.993275,60.626181
BoundedPareto(1.5, 1000000.0) 26
g: "Set further on", k: 10, Mean: 2.9970000029970003, C^2: 332.667
g=None
,LWL,Random,JSQ,RR,JSQ_d(2),SITA,FPI
0.800000,35.464283,60.494634,34.076188,50.088743,42.069782,78.715530,34.041730
0.980000,75.292415,116.146752,49.909697,93.821976,62.096143,705.899761,58.907109
g=Some(1.0)
0.800000,33.747602,42.766819,34.116775,41.242544,38.099641,44.060463,33.470442
0.980000,58.603405,67.269645,53.060497,64.210117,58.280092,73.066110,55.951484
g=Some(2.0)
0.800000,34.172091,47.720793,34.201525,44.881621,39.957449,52.783569,33.595942
0.980000,61.338445,77.120599,51.697236,71.012881,60.101043,104.212845,55.956982
g=Some(4.0)
0.800000,34.705751,51.689724,34.171437,49.565088,41.074185,62.512311,33.817192
0.980000,65.314672,86.637295,51.506932,77.001637,60.897097,159.534499,56.877411
BoundedPareto(1.5, 1000000.0) 27
g: "Set further on", k: 10, Mean: 2.9970000029970003, C^2: 332.667
g=None
,LWL,Random,JSQ,RR,JSQ_d(2),SITA,FPI
0.800000,39.057578,64.451870,36.099179,53.282586,44.577494,85.182095,36.525189
0.980000,117.784709,129.565061,58.783516,107.043906,72.601920,531.827927,72.738775
g=Some(1.0)
0.800000,35.813339,44.987985,36.248124,43.446754,40.072297,46.296388,35.458857
0.980000,77.603473,83.433002,67.429919,80.548147,73.206658,89.543833,72.345736
g=Some(2.0)
0.800000,36.495225,50.259023,36.383908,47.062744,42.112532,55.868278,35.677883
0.980000,80.853247,94.297933,63.227927,89.557070,73.228533,127.528176,70.587163
g=Some(4.0)
0.800000,37.365126,54.465952,36.408342,52.147644,43.288598,66.422718,36.032487
0.980000,84.447269,105.694449,63.027172,98.713163,74.250602,202.984302,70.773049
BoundedPareto(1.5, 1000000.0) 28
g: "Set further on", k: 10, Mean: 2.9970000029970003, C^2: 332.667
g=None
,LWL,Random,JSQ,RR,JSQ_d(2),SITA,FPI
0.800000,36.758529,60.480694,34.535933,50.064205,42.700300,80.038338,34.677447
0.980000,83.303777,114.553646,52.319534,94.315970,64.619182,631.542299,61.175209
g=Some(1.0)
0.800000,34.306647,43.443109,34.764233,41.995243,38.664975,44.767402,34.006707
0.980000,63.180158,70.903566,56.968254,66.869390,61.801047,76.722400,59.453436
g=Some(2.0)
0.800000,34.816912,48.409089,34.866553,45.789248,40.652539,53.661894,34.152521
0.980000,65.934295,80.449691,54.458278,73.794481,62.846844,108.249940,58.837969
g=Some(4.0)
0.800000,35.446291,52.374273,34.696694,50.345868,41.659010,63.138077,34.383272
0.980000,69.411538,89.262305,54.185415,80.525602,63.514456,163.985522,59.659999
BoundedPareto(1.5, 1000000.0) 29
g: "Set further on", k: 10, Mean: 2.9970000029970003, C^2: 332.667
g=None
,LWL,Random,JSQ,RR,JSQ_d(2),SITA,FPI
0.800000,38.492166,63.188567,35.829132,53.231844,44.368625,83.206999,36.140406
0.980000,112.816639,122.802602,59.075544,102.683783,72.224581,494.890848,71.651504
g=Some(1.0)
0.800000,35.484580,44.599481,35.927938,43.443015,39.965838,46.300072,35.166383
0.980000,77.790413,82.128422,67.172333,78.368500,72.423551,86.949588,72.724327
g=Some(2.0)
0.800000,36.119775,49.817952,36.080160,47.236113,41.867182,55.584197,35.362820
0.980000,81.215987,94.481740,63.307724,85.314540,72.542924,120.927394,70.435526
g=Some(4.0)
0.800000,36.900068,54.080502,36.163319,52.203071,42.956470,65.408814,35.686430
0.980000,84.661448,101.113906,61.835144,92.790000,72.912772,191.954331,70.675346
BoundedPareto(1.5, 1000000.0) 30
g: "Set further on", k: 10, Mean: 2.9970000029970003, C^2: 332.667
g=None
,LWL,Random,JSQ,RR,JSQ_d(2),SITA,FPI
0.800000,43.255708,69.281986,38.213348,58.643678,47.763452,85.490569,39.115295
0.980000,251.868260,127.576038,58.699464,107.295940,74.856550,541.019956,90.822965
g=Some(1.0)
0.800000,38.127131,47.384521,38.422957,45.982483,42.196355,48.944457,37.623464
0.980000,95.812955,95.097743,83.344783,92.139292,88.073950,99.214939,88.382059
g=Some(2.0)
0.800000,39.100609,53.006077,38.578603,49.835604,44.426877,59.111651,37.993044
0.980000,101.115204,102.559426,73.845735,96.271306,89.521925,133.219576,86.812851
g=Some(4.0)
0.800000,40.220573,57.726638,38.581294,54.403178,45.711483,69.867419,38.379322
0.980000,110.881765,120.241051,72.771248,102.353035,86.127477,226.316946,87.804172
BoundedPareto(1.5, 1000000.0) 31
g: "Set further on", k: 10, Mean: 2.9970000029970003, C^2: 332.667
g=None
,LWL,Random,JSQ,RR,JSQ_d(2),SITA,FPI
0.800000,35.537994,61.396100,34.485990,49.942213,42.651593,81.192619,34.374948
0.980000,82.373661,114.421872,51.382602,92.932748,62.473970,469.616336,61.417699
g=Some(1.0)
0.800000,34.143427,43.302993,34.650473,41.721493,38.521821,44.364340,33.845528
0.980000,59.521517,68.644234,54.136192,65.346023,59.737579,74.291100,56.801195
g=Some(2.0)
0.800000,34.516222,48.281930,34.665381,45.344613,40.521714,53.029658,33.965001
0.980000,62.659303,78.702519,52.845841,72.453691,61.533903,104.338632,57.337222
g=Some(4.0)
0.800000,34.998948,52.231875,34.655303,49.694692,41.483477,62.655248,34.184902
0.980000,65.750425,87.438277,52.906150,79.474730,62.453505,154.711375,58.406757
BoundedPareto(1.5, 1000000.0) 32
g: "Set further on", k: 10, Mean: 2.9970000029970003, C^2: 332.667
g=None
,LWL,Random,JSQ,RR,JSQ_d(2),SITA,FPI
0.800000,43.051317,65.543239,37.945242,55.111813,46.578935,84.250577,39.241239
0.980000,252.300837,136.346860,67.594324,110.775208,73.648151,608.112258,93.177072
g=Some(1.0)
0.800000,38.234784,47.234548,38.474390,45.620271,42.209619,48.585243,37.716763
0.980000,86.056286,92.900412,76.094437,89.875226,81.577759,95.161578,81.136372
g=Some(2.0)
0.800000,39.054375,53.006544,38.729378,49.461376,44.317436,58.664886,37.989479
0.980000,92.085584,105.446024,71.209218,98.015467,81.728750,135.756387,81.305764
g=Some(4.0)
0.800000,40.286981,57.533785,38.797322,53.855795,45.550381,69.973894,38.509452
0.980000,100.221501,116.840457,71.311357,107.677500,82.271490,232.879989,84.999652
BoundedPareto(1.5, 1000000.0) 33
g: "Set further on", k: 10, Mean: 2.9970000029970003, C^2: 332.667
g=None
,LWL,Random,JSQ,RR,JSQ_d(2),SITA,FPI
0.800000,38.876484,62.482387,35.819120,52.557531,44.343471,80.676904,36.191167
0.980000,114.571858,129.155240,54.590304,104.929044,66.364487,481.284908,69.111378
g=Some(1.0)
0.800000,35.609925,44.639220,35.969509,43.039077,39.834866,45.752982,35.231897
0.980000,66.404216,73.063935,59.805173,70.665189,63.959399,78.319051,63.124270
g=Some(2.0)
0.800000,36.240374,49.758146,36.049861,46.826755,41.890168,54.866206,35.411749
0.980000,71.292255,85.169658,56.839889,77.621094,66.251558,113.068444,63.809238
g=Some(4.0)
0.800000,37.040944,54.337370,35.977295,51.359031,42.966645,65.439844,35.755627
0.980000,76.024467,94.528806,57.080833,84.755368,67.094985,173.623431,65.701404
BoundedPareto(1.5, 1000000.0) 34
g: "Set further on", k: 10, Mean: 2.9970000029970003, C^2: 332.667
g=None
,LWL,Random,JSQ,RR,JSQ_d(2),SITA,FPI
0.800000,37.340237,62.267380,35.371558,51.587351,43.719973,81.855726,35.483660
0.980000,109.367785,126.421021,55.707703,105.966983,67.873138,628.900441,70.774782
g=Some(1.0)
0.800000,35.026178,44.119943,35.391753,42.398545,39.319201,45.413971,34.699361
0.980000,65.554915,74.497521,59.040056,71.947765,65.092417,80.743303,62.341281
g=Some(2.0)
0.800000,35.534385,49.262158,35.461909,46.034090,41.280419,54.138520,34.883204
0.980000,69.076849,86.022318,58.046936,78.541527,66.494263,115.888036,62.885955
g=Some(4.0)
0.800000,36.219255,53.432414,35.505081,50.786957,42.397716,63.972798,35.170373
0.980000,75.412370,95.282904,57.689357,87.974650,67.493688,181.087105,65.250966
BoundedPareto(1.5, 1000000.0) 35
g: "Set further on", k: 10, Mean: 2.9970000029970003, C^2: 332.667
g=None
,LWL,Random,JSQ,RR,JSQ_d(2),SITA,FPI
0.800000,37.119817,62.264789,35.112424,51.580573,43.522396,79.955363,35.290497
0.980000,102.764926,116.815103,53.932545,98.263220,65.752899,488.772997,66.408066
g=Some(1.0)
0.800000,34.723333,43.877818,35.207597,42.157518,39.112222,45.128911,34.447851
0.980000,63.819062,72.338298,57.614710,68.931956,63.573817,77.992757,60.620582
g=Some(2.0)
0.800000,35.212438,49.067568,35.374983,46.121239,41.099056,54.111941,34.600263
0.980000,67.618205,83.096515,55.550463,76.169917,65.387726,109.328990,61.510662
g=Some(4.0)
0.800000,35.916246,53.199722,35.324133,50.333492,42.245217,64.140013,34.892704
0.980000,72.458792,92.910747,55.921127,81.286069,65.763565,169.538801,63.240817
BoundedPareto(1.5, 1000000.0) 36
g: "Set further on", k: 10, Mean: 2.9970000029970003, C^2: 332.667
g=None
,LWL,Random,JSQ,RR,JSQ_d(2),SITA,FPI
0.800000,35.908443,60.848989,34.608719,50.206193,42.639544,79.065148,34.542857
0.980000,88.269846,134.225265,55.376460,102.564708,69.061144,480.057059,65.770638
g=Some(1.0)
0.800000,34.160218,43.294680,34.730043,41.709233,38.524500,44.631241,33.875208
0.980000,60.806786,69.794463,55.284828,65.760067,60.892822,75.193587,58.321809
g=Some(2.0)
0.800000,34.595751,48.176288,34.724748,45.485300,40.556757,53.531493,34.044048
0.980000,64.864907,80.188408,53.954072,74.998726,62.335737,107.502172,58.887401
g=Some(4.0)
0.800000,35.131959,51.932350,34.741897,50.131187,41.390915,62.989067,34.277035
0.980000,68.275556,89.342529,53.966603,79.840124,63.157092,165.333850,60.368458
BoundedPareto(1.5, 1000000.0) 37
g: "Set further on", k: 10, Mean: 2.9970000029970003, C^2: 332.667
g=None
,LWL,Random,JSQ,RR,JSQ_d(2),SITA,FPI
0.800000,37.584179,63.222379,35.538854,52.634741,43.704507,79.702006,35.746357
0.980000,108.494470,121.583122,55.568948,105.025297,67.158647,438.590022,68.687509
g=Some(1.0)
0.800000,35.228825,44.331705,35.652645,42.543062,39.518035,45.274534,34.922203
0.980000,66.983484,75.193726,59.975013,72.733143,65.922944,80.391586,63.833497
g=Some(2.0)
0.800000,35.764566,49.526273,35.727933,46.349406,41.542480,54.005313,35.086308
0.980000,70.614357,85.536749,58.169677,78.935870,67.351851,113.065351,63.211531
g=Some(4.0)
0.800000,36.447459,53.778347,35.765519,50.878044,42.574180,64.130754,35.385752
0.980000,76.751089,96.339844,57.257210,86.629130,68.212177,174.121276,64.872540
BoundedPareto(1.5, 1000000.0) 38
g: "Set further on", k: 10, Mean: 2.9970000029970003, C^2: 332.667
g=None
,LWL,Random,JSQ,RR,JSQ_d(2),SITA,FPI
0.800000,36.932353,61.194023,34.994007,50.901933,43.208675,78.592968,35.086649
0.980000,90.617060,115.583488,51.559714,97.578503,63.252040,496.082394,63.994779
g=Some(1.0)
0.800000,34.678158,43.668708,35.136716,41.938516,38.859959,44.770599,34.348598
0.980000,61.331345,69.412610,55.934773,66.682465,60.690548,74.924512,58.451078
g=Some(2.0)
0.800000,35.183091,48.686011,35.115336,45.725132,40.887473,53.518551,34.522690
0.980000,63.979093,79.568248,53.953239,73.037781,62.127544,105.292993,58.561162
g=Some(4.0)
0.800000,35.808802,52.882490,35.177093,50.355824,41.941009,63.071820,34.769446
0.980000,67.663214,89.667186,54.058341,78.758362,63.243421,157.524529,59.719499
BoundedPareto(1.5, 1000000.0) 39
g: "Set further on", k: 10, Mean: 2.9970000029970003, C^2: 332.667
g=None
,LWL,Random,JSQ,RR,JSQ_d(2),SITA,FPI
0.800000,35.801763,59.350837,34.019381,49.006051,42.063436,78.250669,33.970688
0.980000,75.470859,105.461069,48.831018,85.118338,60.216796,535.178912,57.083490
g=Some(1.0)
0.800000,33.606098,42.627095,34.113594,41.008226,37.932301,44.153338,33.359298
0.980000,56.691828,65.621156,52.023016,62.188108,56.795002,71.375735,54.076393
g=Some(2.0)
0.800000,34.035242,47.521546,34.241201,44.640943,39.874416,52.780362,33.497134
0.980000,59.093933,74.936672,50.299312,68.563310,58.566720,100.210826,54.221921
g=Some(4.0)
0.800000,34.557227,51.497735,34.224934,49.342881,40.921773,62.223093,33.708759
0.980000,61.883619,82.997158,50.263650,74.995713,59.573833,151.812536,55.163825
