time=1000000
Bimodal(1.0, 1000.0, 0.9995) 0
g: "Set further on", k: 10, Mean: 1.499499999999945, C^2: 221.81496299588213
g=None
,LWL,Random,JSQ,RR,JSQ_d(2),Split
0.800000,110.482724,33.243512,17.652827,28.188329,22.169745,45.152143
0.980000,632.026693,71.943615,30.607535,68.051321,37.458791,264.164700
g=Some(1.0)
0.800000,17.382346,19.796791,17.571610,20.348717,18.646310,18.662882
0.980000,29.897520,34.456223,30.576396,33.803361,32.626678,31.634901
g=Some(2.0)
0.800000,17.119876,21.606009,17.628694,22.767411,19.799821,21.261187
0.980000,29.393753,38.198502,31.207054,38.796247,33.605759,34.558520
g=Some(4.0)
0.800000,17.941885,24.759201,17.910147,25.004499,20.918235,28.837920
0.980000,29.839381,43.747550,31.375266,44.535748,35.316240,40.051850
Bimodal(1.0, 1000.0, 0.9995) 1
g: "Set further on", k: 10, Mean: 1.499499999999945, C^2: 221.81496299588213
g=None
,LWL,Random,JSQ,RR,JSQ_d(2),Split
0.800000,117.938971,34.770585,18.275563,28.780596,22.949017,43.564311
0.980000,784.674362,87.351473,35.330466,73.822825,43.668112,264.274021
g=Some(1.0)
0.800000,18.025097,20.575507,18.226458,21.287073,19.356141,19.412391
0.980000,33.719275,39.267367,35.177061,37.814335,36.899088,36.008632
g=Some(2.0)
0.800000,17.755394,22.371120,18.340642,24.019731,20.357172,21.726937
0.980000,33.011608,44.505724,35.457510,44.855408,39.125815,38.980307
g=Some(4.0)
0.800000,18.871093,25.599288,18.585321,27.076027,21.595910,29.466179
0.980000,32.817219,51.743698,35.867191,52.985488,40.529439,45.219415
Bimodal(1.0, 1000.0, 0.9995) 2
g: "Set further on", k: 10, Mean: 1.499499999999945, C^2: 221.81496299588213
g=None
,LWL,Random,JSQ,RR,JSQ_d(2),Split
0.800000,100.300929,34.713177,18.611670,27.960728,23.161106,47.586314
0.980000,724.515437,78.699740,37.603148,72.910476,45.392985,282.793940
g=Some(1.0)
0.800000,18.290785,20.957835,18.465625,21.622454,19.656054,19.685309
0.980000,36.542177,41.349315,37.432455,40.682357,39.950558,38.853963
g=Some(2.0)
0.800000,18.007991,22.914328,18.578733,24.975889,20.742118,22.209130
0.980000,35.771837,47.287646,38.061527,47.462274,41.348044,40.924779
g=Some(4.0)
0.800000,19.080087,26.325023,18.891213,27.777963,22.076188,30.360324
0.980000,35.794224,54.568557,37.362648,54.858527,42.437925,48.368951
Bimodal(1.0, 1000.0, 0.9995) 3
g: "Set further on", k: 10, Mean: 1.499499999999945, C^2: 221.81496299588213
g=None
,LWL,Random,JSQ,RR,JSQ_d(2),Split
0.800000,93.562846,36.345437,18.134392,30.163869,22.420764,45.589507
0.980000,557.011661,73.689328,30.490270,70.239559,37.591087,265.306473
g=Some(1.0)
0.800000,17.804902,20.343829,17.966943,21.006573,19.046136,19.086477
0.980000,29.747254,34.349966,30.294176,34.101514,32.803391,31.525970
g=Some(2.0)
0.800000,17.509902,22.215939,18.002338,23.560402,20.154447,21.420464
0.980000,29.016003,39.208973,30.883173,39.061459,33.706229,34.509167
g=Some(4.0)
0.800000,18.426088,25.598004,18.181314,26.195649,21.505723,29.199738
0.980000,29.386601,44.576505,30.867024,46.732221,34.880417,40.851409
Bimodal(1.0, 1000.0, 0.9995) 4
g: "Set further on", k: 10, Mean: 1.499499999999945, C^2: 221.81496299588213
g=None
,LWL,Random,JSQ,RR,JSQ_d(2),Split
0.800000,120.399495,35.791560,18.590866,29.324937,22.908996,44.986138
0.980000,641.692151,73.859971,31.031878,62.405300,38.151168,270.046671
g=Some(1.0)
0.800000,18.086820,20.664844,18.317620,21.226271,19.477879,19.441266
0.980000,29.941665,34.949366,31.188205,34.230905,33.408202,32.171223
g=Some(2.0)
0.800000,17.809204,22.744605,18.352083,24.319446,20.524179,21.781040
0.980000,29.325163,38.979137,31.239638,41.104827,34.374697,34.415388
g=Some(4.0)
0.800000,18.859995,25.778852,18.643605,27.038440,21.807093,29.494842
0.980000,29.484756,45.682528,30.906557,49.978013,35.688350,41.384478
Bimodal(1.0, 1000.0, 0.9995) 5
g: "Set further on", k: 10, Mean: 1.499499999999945, C^2: 221.81496299588213
g=None
,LWL,Random,JSQ,RR,JSQ_d(2),Split
0.800000,80.030800,32.691172,17.643117,26.987474,21.801706,40.945262
0.980000,634.434374,69.064764,27.526161,59.473634,34.432743,254.118377
g=Some(1.0)
0.800000,17.258949,19.785593,17.424687,20.398061,18.494292,18.612398
0.980000,26.434019,31.072899,27.105937,30.764393,29.213150,28.652759
g=Some(2.0)
0.800000,16.972891,21.664819,17.508462,22.530071,19.590680,20.922827
0.980000,25.875877,34.743104,27.377888,36.585914,30.191114,30.982740
g=Some(4.0)
0.800000,17.878026,24.699951,17.735796,24.633472,20.832995,28.247496
0.980000,26.611619,40.736699,27.941408,42.574695,32.137419,37.634181
Bimodal(1.0, 1000.0, 0.9995) 6
g: "Set further on", k: 10, Mean: 1.499499999999945, C^2: 221.81496299588213
g=None
,LWL,Random,JSQ,RR,JSQ_d(2),Split
0.800000,110.555135,35.266938,18.321427,28.228404,22.665233,44.828705
0.980000,666.005601,68.088053,33.364978,62.164590,39.678686,241.550992
g=Some(1.0)
0.800000,17.836450,20.355074,18.015038,20.933131,19.152481,19.219289
0.980000,32.852250,36.116852,33.412160,35.963805,34.934910,34.235707
g=Some(2.0)
0.800000,17.577845,22.301189,18.064997,24.103250,20.271581,21.578743
0.980000,32.223134,40.271165,33.462540,41.054070,36.188111,35.955725
g=Some(4.0)
0.800000,18.677232,25.839944,18.312592,27.167743,21.327018,29.266632
0.980000,32.471671,47.943567,33.450697,48.405661,37.244017,42.773669
Bimodal(1.0, 1000.0, 0.9995) 7
g: "Set further on", k: 10, Mean: 1.499499999999945, C^2: 221.81496299588213
g=None
,LWL,Random,JSQ,RR,JSQ_d(2),Split
0.800000,95.826171,31.643720,17.479946,27.052257,21.725089,39.870356
0.980000,559.875767,64.981120,27.727037,65.826188,34.517125,265.122748
g=Some(1.0)
0.800000,17.186603,19.582195,17.392324,19.993798,18.368885,18.388180
0.980000,26.898313,31.302499,27.464195,31.109254,29.530230,28.972271
g=Some(2.0)
0.800000,16.884786,21.253307,17.481585,22.320290,19.544256,20.725745
0.980000,26.385944,34.981220,27.698374,35.820685,30.547733,31.200222
g=Some(4.0)
0.800000,17.577811,24.431163,17.685710,23.761068,20.470024,27.964300
0.980000,27.039662,41.001915,27.728740,41.751750,31.494550,37.498244
Bimodal(1.0, 1000.0, 0.9995) 8
g: "Set further on", k: 10, Mean: 1.499499999999945, C^2: 221.81496299588213
g=None
,LWL,Random,JSQ,RR,JSQ_d(2),Split
0.800000,97.740010,31.793682,17.293554,25.536998,21.426097,40.184954
0.980000,527.400399,67.063119,24.608613,53.098744,30.507717,255.176421
g=Some(1.0)
0.800000,17.152773,19.372673,17.304864,19.848284,18.253202,18.311601
0.980000,23.597994,28.146787,24.132905,27.568697,26.390535,25.658166
g=Some(2.0)
0.800000,16.895640,21.009660,17.373793,22.271341,19.342148,20.691995
0.980000,23.125614,31.538985,24.526280,32.474965,27.139743,27.993074
g=Some(4.0)
0.800000,17.727604,24.060937,17.622913,23.955778,20.424288,27.667486
0.980000,24.066153,37.006627,24.616048,38.103361,28.458609,34.324147
Bimodal(1.0, 1000.0, 0.9995) 9
g: "Set further on", k: 10, Mean: 1.499499999999945, C^2: 221.81496299588213
g=None
,LWL,Random,JSQ,RR,JSQ_d(2),Split
0.800000,85.398696,32.450388,17.473505,25.457229,21.843983,40.440713
0.980000,514.959819,60.771709,27.253726,50.631140,34.087138,246.478101
g=Some(1.0)
0.800000,17.199220,19.568181,17.347484,20.218501,18.372414,18.510916
0.980000,26.223434,30.711714,26.848633,30.587332,29.163952,28.479561
g=Some(2.0)
0.800000,16.936354,21.316762,17.408036,22.952268,19.507984,20.810080
0.980000,25.734188,34.951168,27.198002,34.075395,30.423826,30.986679
g=Some(4.0)
0.800000,17.817935,24.412556,17.623095,24.735598,20.622314,27.487977
0.980000,26.363977,40.021124,27.804467,41.857792,31.415534,37.076923
Bimodal(1.0, 1000.0, 0.9995) 10
g: "Set further on", k: 10, Mean: 1.499499999999945, C^2: 221.81496299588213
g=None
,LWL,Random,JSQ,RR,JSQ_d(2),Split
0.800000,105.244662,32.026368,17.304655,31.206989,21.487572,44.062497
0.980000,547.486498,67.257999,29.780540,64.986397,35.937790,258.377726
g=Some(1.0)
0.800000,16.954760,19.221491,17.124490,19.701737,18.128713,18.170757
0.980000,29.413287,32.857436,29.795978,32.085469,31.774221,30.772972
g=Some(2.0)
0.800000,16.693183,21.093689,17.087391,21.880840,19.214842,20.658766
0.980000,28.944314,36.597041,29.947217,36.448559,32.621810,32.596730
g=Some(4.0)
0.800000,17.562318,24.016885,17.437993,23.638205,20.432757,27.977620
0.980000,29.095976,43.753628,30.426225,42.789046,33.533225,38.165686
Bimodal(1.0, 1000.0, 0.9995) 11
g: "Set further on", k: 10, Mean: 1.499499999999945, C^2: 221.81496299588213
g=None
,LWL,Random,JSQ,RR,JSQ_d(2),Split
0.800000,48.653750,31.350363,17.036787,23.927350,21.345724,41.558867
0.980000,513.179057,61.505223,25.176243,41.488353,31.066152,282.260659
g=Some(1.0)
0.800000,16.740550,19.122337,16.934627,19.753988,17.910941,17.981584
0.980000,24.383255,28.638117,24.974646,28.322528,26.915949,26.689194
g=Some(2.0)
0.800000,16.434510,20.695285,16.968819,21.649281,19.041616,20.525871
0.980000,23.896422,32.651689,25.189659,32.847801,28.242162,28.720518
g=Some(4.0)
0.800000,17.098131,23.837064,17.199067,23.887763,20.088805,27.904039
0.980000,24.759655,37.517512,25.535321,39.975978,29.366746,35.625244
Bimodal(1.0, 1000.0, 0.9995) 12
g: "Set further on", k: 10, Mean: 1.499499999999945, C^2: 221.81496299588213
g=None
,LWL,Random,JSQ,RR,JSQ_d(2),Split
0.800000,83.332563,30.102932,17.402318,26.919609,21.532974,40.916600
0.980000,475.859073,54.340444,26.147897,50.558735,32.555044,251.135614
g=Some(1.0)
0.800000,17.084277,19.497937,17.242126,20.023494,18.266395,18.250270
0.980000,25.558515,29.874029,26.036670,29.258626,28.208146,27.278830
g=Some(2.0)
0.800000,16.836897,21.158291,17.263743,22.631980,19.378990,20.764609
0.980000,25.170148,33.022846,26.577026,33.954424,28.866486,29.588544
g=Some(4.0)
0.800000,17.658007,24.006762,17.618749,24.608193,20.569627,27.806872
0.980000,26.014429,38.764379,26.992099,40.763764,30.329485,36.449787
Bimodal(1.0, 1000.0, 0.9995) 13
g: "Set further on", k: 10, Mean: 1.499499999999945, C^2: 221.81496299588213
g=None
,LWL,Random,JSQ,RR,JSQ_d(2),Split
0.800000,86.301440,33.926606,17.622172,25.018214,21.846372,40.737222
0.980000,679.900048,78.936012,27.344889,48.782657,34.275630,282.984308
g=Some(1.0)
0.800000,17.296953,19.724459,17.462255,20.188784,18.548189,18.546035
0.980000,26.936569,30.552818,27.359112,30.147026,29.217374,28.764468
g=Some(2.0)
0.800000,17.023331,21.385749,17.568658,22.379920,19.665940,20.993914
0.980000,26.447542,34.589456,27.721985,35.353489,30.366101,30.956571
g=Some(4.0)
0.800000,17.807602,24.897395,17.713966,25.282503,20.671911,28.084352
0.980000,27.028731,40.095933,27.988487,43.809841,31.333087,37.448631
Bimodal(1.0, 1000.0, 0.9995) 14
g: "Set further on", k: 10, Mean: 1.499499999999945, C^2: 221.81496299588213
g=None
,LWL,Random,JSQ,RR,JSQ_d(2),Split
0.800000,74.389696,31.669940,17.153706,25.845845,21.350353,41.935707
0.980000,591.482950,74.700263,27.561086,61.645058,34.257618,243.484132
g=Some(1.0)
0.800000,16.902280,19.266902,17.053871,19.828211,18.072977,18.154542
0.980000,26.491969,31.038336,27.211030,30.915825,29.554340,28.549914
g=Some(2.0)
0.800000,16.621151,21.032742,17.110972,22.429100,19.176369,20.472651
0.980000,25.967315,34.875626,27.745417,36.186710,30.615764,30.569726
g=Some(4.0)
0.800000,17.365155,24.015591,17.337796,24.461025,20.163341,27.823080
0.980000,26.515470,40.451842,28.191765,42.943043,32.291569,37.981007
Bimodal(1.0, 1000.0, 0.9995) 15
g: "Set further on", k: 10, Mean: 1.499499999999945, C^2: 221.81496299588213
g=None
,LWL,Random,JSQ,RR,JSQ_d(2),Split
0.800000,131.909323,33.066727,18.379939,31.009680,22.893777,44.174651
0.980000,722.427068,76.140457,38.587652,72.387924,44.636494,304.483764
g=Some(1.0)
0.800000,18.074668,20.677673,18.262193,21.499020,19.419230,19.464796
0.980000,36.758678,41.551503,37.896677,41.843573,40.504822,39.424505
g=Some(2.0)
0.800000,17.855410,22.754478,18.467349,24.552059,20.558724,21.875629
0.980000,35.914909,46.852639,38.221338,46.315636,41.474919,41.592116
g=Some(4.0)
0.800000,19.078054,26.167845,18.662595,28.379979,21.847719,29.837829
0.980000,36.030534,53.551099,38.319216,54.912345,41.976051,48.102928
Bimodal(1.0, 1000.0, 0.9995) 16
g: "Set further on", k: 10, Mean: 1.499499999999945, C^2: 221.81496299588213
g=None
,LWL,Random,JSQ,RR,JSQ_d(2),Split
0.800000,154.787243,37.095399,19.396870,30.825453,24.448233,50.165229
0.980000,776.494934,88.422724,48.905421,84.051855,54.548514,254.924235
g=Some(1.0)
0.800000,19.084530,22.022440,19.328053,22.504070,20.676451,20.512188
0.980000,47.655891,50.247286,48.139708,49.824896,49.495502,49.581705
g=Some(2.0)
0.800000,18.847969,24.029681,19.491430,25.210462,21.668228,23.139064
0.980000,46.780986,53.521777,48.395869,54.403996,50.143580,50.459781
g=Some(4.0)
0.800000,20.280681,27.478079,19.765530,29.961688,22.929366,31.462694
0.980000,46.443850,60.252253,47.541144,58.760105,51.755114,53.860208
Bimodal(1.0, 1000.0, 0.9995) 17
g: "Set further on", k: 10, Mean: 1.499499999999945, C^2: 221.81496299588213
g=None
,LWL,Random,JSQ,RR,JSQ_d(2),Split
0.800000,99.633298,35.800860,18.486127,28.891920,22.965079,45.004658
0.980000,774.030339,81.285952,38.711493,72.228389,46.075438,278.202770
g=Some(1.0)
0.800000,18.084764,20.763898,18.281312,21.455890,19.486516,19.532776
0.980000,38.204514,42.750083,38.859353,41.595874,41.730450,40.133483
g=Some(2.0)
0.800000,17.780653,22.807610,18.395319,24.596568,20.594092,22.010220
0.980000,37.400212,47.539624,39.665761,46.394759,42.611487,42.798185
g=Some(4.0)
0.800000,18.852567,25.862247,18.738981,28.162814,21.921412,29.834777
0.980000,37.066990,54.924640,39.216207,52.965880,43.177556,47.766756
Bimodal(1.0, 1000.0, 0.9995) 18
g: "Set further on", k: 10, Mean: 1.499499999999945, C^2: 221.81496299588213
g=None
,LWL,Random,JSQ,RR,JSQ_d(2),Split
0.800000,107.307137,32.796032,18.055020,29.492224,22.313618,42.237973
0.980000,677.348809,65.887832,28.819673,56.389069,35.453588,241.023727
g=Some(1.0)
0.800000,17.739426,20.224846,17.958694,20.802915,19.010019,19.053144
0.980000,28.035496,31.952749,28.766526,31.042026,30.999655,30.141198
g=Some(2.0)
0.800000,17.486504,22.128336,17.974468,23.270011,20.083892,21.419685
0.980000,27.504834,36.194388,29.256436,37.384982,31.597253,31.957408
g=Some(4.0)
0.800000,18.437847,25.087670,18.292022,26.340755,21.383746,28.848330
0.980000,27.925148,43.022659,29.395600,43.294425,33.495153,39.073514
Bimodal(1.0, 1000.0, 0.9995) 19
g: "Set further on", k: 10, Mean: 1.499499999999945, C^2: 221.81496299588213
g=None
,LWL,Random,JSQ,RR,JSQ_d(2),Split
0.800000,90.659533,34.238417,17.954316,28.375107,22.307627,44.199157
0.980000,592.419613,68.031673,29.962547,60.868285,36.512649,272.353978
g=Some(1.0)
0.800000,17.684016,20.200167,17.915681,20.941811,19.010483,19.058779
0.980000,29.096301,33.555747,29.565678,32.693231,32.273137,31.449296
g=Some(2.0)
0.800000,17.419562,22.081399,17.992591,23.644297,20.178797,21.768064
0.980000,28.438792,37.814143,30.335599,37.713790,32.697787,33.572386
g=Some(4.0)
0.800000,18.421526,25.585469,18.284497,26.350536,21.245527,29.250667
0.980000,28.814487,43.956344,30.325364,47.635801,33.998241,40.209978
Bimodal(1.0, 1000.0, 0.9995) 20
g: "Set further on", k: 10, Mean: 1.499499999999945, C^2: 221.81496299588213
g=None
,LWL,Random,JSQ,RR,JSQ_d(2),Split
0.800000,114.371059,32.062632,17.663846,26.650014,22.077288,41.218765
0.980000,781.569802,71.076971,31.043849,66.456680,38.962651,244.461432
g=Some(1.0)
0.800000,17.426774,19.816459,17.594399,20.489027,18.616009,18.748841
0.980000,29.036634,33.721559,30.389746,33.133343,32.242617,31.018004
g=Some(2.0)
0.800000,17.203166,21.802296,17.584316,22.739030,19.798265,21.163561
0.980000,28.367187,40.211371,30.829187,40.082051,34.142461,34.094930
g=Some(4.0)
0.800000,18.221349,25.014579,17.989361,25.001115,20.957369,28.695465
0.980000,28.560319,45.162676,30.890046,47.136798,35.378536,41.618718
Bimodal(1.0, 1000.0, 0.9995) 21
g: "Set further on", k: 10, Mean: 1.499499999999945, C^2: 221.81496299588213
g=None
,LWL,Random,JSQ,RR,JSQ_d(2),Split
0.800000,103.153856,33.461871,17.977725,27.882488,22.229993,41.870588
0.980000,564.078930,65.654012,27.916805,57.483934,34.690333,258.969410
g=Some(1.0)
0.800000,17.602846,20.059877,17.767117,20.767188,18.870626,18.885250
0.980000,26.714449,31.115091,27.560408,31.184964,29.655659,28.657780
g=Some(2.0)
0.800000,17.347070,22.060947,17.834534,23.359967,20.000996,21.316926
0.980000,26.209552,35.798490,28.155683,36.027212,31.148659,31.463490
g=Some(4.0)
0.800000,18.350489,24.604504,18.088667,26.098256,21.035042,29.199724
0.980000,26.899957,41.873757,28.237559,44.922192,32.247903,38.811558
Bimodal(1.0, 1000.0, 0.9995) 22
g: "Set further on", k: 10, Mean: 1.499499999999945, C^2: 221.81496299588213
g=None
,LWL,Random,JSQ,RR,JSQ_d(2),Split
0.800000,124.256070,34.102355,18.290421,28.772155,22.487955,40.616763
0.980000,670.786511,69.512169,32.118918,69.764693,37.950252,257.030863
g=Some(1.0)
0.800000,17.937423,20.344438,18.151891,20.766872,19.165122,19.191272
0.980000,30.124948,34.793137,30.614052,33.691341,32.637785,31.659612
g=Some(2.0)
0.800000,17.692062,22.102760,18.188246,23.529136,20.280921,21.526855
0.980000,29.553121,39.171568,31.054342,39.838500,34.085671,35.058925
g=Some(4.0)
0.800000,18.727498,25.441478,18.473975,24.944031,21.509924,28.969200
0.980000,29.898788,45.147807,31.964884,48.371181,36.004803,42.214014
Bimodal(1.0, 1000.0, 0.9995) 23
g: "Set further on", k: 10, Mean: 1.499499999999945, C^2: 221.81496299588213
g=None
,LWL,Random,JSQ,RR,JSQ_d(2),Split
0.800000,96.912468,36.483579,18.111576,31.357384,22.984818,44.520665
0.980000,650.965999,76.818084,33.612818,69.483081,41.893470,284.416777
g=Some(1.0)
0.800000,17.778654,20.401546,17.962716,21.090921,19.085841,19.156089
0.980000,31.832248,37.157911,33.213164,36.306297,35.285166,34.436494
g=Some(2.0)
0.800000,17.455603,22.306618,17.958422,23.947408,20.352401,21.636236
0.980000,31.034529,43.284254,34.018161,42.543171,38.188120,36.588008
g=Some(4.0)
0.800000,18.382980,25.699843,18.189829,26.665063,21.426822,29.038548
0.980000,30.838437,49.949306,34.005607,52.039094,39.018780,43.571088
Bimodal(1.0, 1000.0, 0.9995) 24
g: "Set further on", k: 10, Mean: 1.499499999999945, C^2: 221.81496299588213
g=None
,LWL,Random,JSQ,RR,JSQ_d(2),Split
0.800000,91.532286,30.516642,17.436937,27.260370,21.625271,41.495439
0.980000,486.932083,60.315175,25.802290,57.528168,32.035600,232.248391
g=Some(1.0)
0.800000,17.106532,19.529248,17.269193,20.026228,18.298226,18.361956
0.980000,24.846564,29.659436,25.463925,28.565976,27.752723,27.254800
g=Some(2.0)
0.800000,16.838910,21.148347,17.275638,22.385615,19.461090,20.798210
0.980000,24.352827,32.577982,25.847930,32.782242,28.696516,29.360218
g=Some(4.0)
0.800000,17.748573,24.250454,17.601125,24.594503,20.446137,28.042066
0.980000,24.952906,38.826383,26.168491,39.777439,29.830231,35.139405
Bimodal(1.0, 1000.0, 0.9995) 25
g: "Set further on", k: 10, Mean: 1.499499999999945, C^2: 221.81496299588213
g=None
,LWL,Random,JSQ,RR,JSQ_d(2),Split
0.800000,93.339583,34.416001,18.285045,28.827690,22.746570,41.932504
0.980000,799.667964,92.058761,41.021235,77.165278,48.809661,271.551418
g=Some(1.0)
0.800000,17.897353,20.561606,18.079465,21.283739,19.234737,19.354186
0.980000,38.579350,43.964423,39.816441,43.242353,42.311372,40.988635
g=Some(2.0)
0.800000,17.598889,22.398171,18.225943,23.976376,20.425110,21.817787
0.980000,37.774278,49.720748,40.718298,52.201360,44.942820,44.814226
g=Some(4.0)
0.800000,18.607539,25.806826,18.500463,27.303664,21.578875,29.547656
0.980000,37.811018,57.458044,40.628012,60.169294,45.323574,51.588534
Bimodal(1.0, 1000.0, 0.9995) 26
g: "Set further on", k: 10, Mean: 1.499499999999945, C^2: 221.81496299588213
g=None
,LWL,Random,JSQ,RR,JSQ_d(2),Split
0.800000,78.929123,32.858026,17.808780,28.110976,22.291766,40.158239
0.980000,624.071082,68.727556,28.175125,68.279722,36.216226,261.356264
g=Some(1.0)
0.800000,17.530028,20.101021,17.707423,20.772807,18.781986,18.845433
0.980000,26.637346,31.921355,27.703156,31.573122,30.384326,28.884600
g=Some(2.0)
0.800000,17.212727,21.793902,17.673249,23.485407,19.930080,21.268727
0.980000,26.114309,36.894939,28.545740,36.940497,31.961905,31.966866
g=Some(4.0)
0.800000,18.021082,24.575627,17.993036,26.118727,21.156825,29.014073
0.980000,26.825855,43.749052,28.611521,46.645368,33.167817,39.260805
Bimodal(1.0, 1000.0, 0.9995) 27
g: "Set further on", k: 10, Mean: 1.499499999999945, C^2: 221.81496299588213
g=None
,LWL,Random,JSQ,RR,JSQ_d(2),Split
0.800000,129.296438,30.854548,17.652601,28.422169,22.096297,43.529442
0.980000,552.810681,59.419552,25.357957,55.263046,32.029173,262.640979
g=Some(1.0)
0.800000,17.445313,19.715690,17.586619,20.233563,18.566791,18.612595
0.980000,24.401820,28.829920,25.088554,28.397374,27.553636,26.462046
g=Some(2.0)
0.800000,17.235965,21.469039,17.746954,22.759280,19.743603,21.123886
0.980000,23.911658,33.091755,25.205580,32.392756,28.184986,28.832037
g=Some(4.0)
0.800000,18.340621,24.572853,17.928341,24.802724,20.985453,28.608743
0.980000,24.764492,38.076981,25.876194,39.781065,29.748830,36.144943
Bimodal(1.0, 1000.0, 0.9995) 28
g: "Set further on", k: 10, Mean: 1.499499999999945, C^2: 221.81496299588213
g=None
,LWL,Random,JSQ,RR,JSQ_d(2),Split
0.800000,124.741362,32.639945,17.982762,28.822531,22.428982,43.588012
0.980000,621.222810,72.050979,28.687356,59.385245,35.636699,281.754891
g=Some(1.0)
0.800000,17.676618,20.173330,17.863977,20.798665,18.962705,18.952592
0.980000,27.144006,32.287411,27.893272,31.605229,30.706203,29.823835
g=Some(2.0)
0.800000,17.435915,21.738389,17.868387,23.480693,20.115326,21.347397
0.980000,26.580541,37.307426,28.570856,37.511494,31.810144,32.100535
g=Some(4.0)
0.800000,18.529607,25.004029,18.191831,25.790855,21.276929,29.222375
0.980000,27.029050,43.185340,28.792688,44.591792,33.037677,39.037167
Bimodal(1.0, 1000.0, 0.9995) 29
g: "Set further on", k: 10, Mean: 1.499499999999945, C^2: 221.81496299588213
g=None
,LWL,Random,JSQ,RR,JSQ_d(2),Split
0.800000,111.308247,32.290314,17.697131,25.769174,21.644899,40.354782
0.980000,617.672789,70.121248,25.825144,55.105905,31.969408,224.588804
g=Some(1.0)
0.800000,17.264799,19.558561,17.437930,20.181283,18.454214,18.493601
0.980000,24.569250,29.180130,25.137890,28.742892,27.595563,26.895868
g=Some(2.0)
0.800000,17.029776,21.433486,17.515430,22.215686,19.510601,21.023144
0.980000,24.081724,34.408348,26.037372,34.271767,28.630791,29.646698
g=Some(4.0)
0.800000,18.054215,24.455869,17.838965,25.473189,20.732009,28.416636
0.980000,25.139982,39.262236,26.265253,40.458957,30.329350,36.851225
Bimodal(1.0, 1000.0, 0.9995) 30
g: "Set further on", k: 10, Mean: 1.499499999999945, C^2: 221.81496299588213
g=None
,LWL,Random,JSQ,RR,JSQ_d(2),Split
0.800000,92.207235,33.175343,17.754568,26.391989,22.026481,45.658811
0.980000,644.341777,71.778909,27.147949,52.042275,33.841443,256.660314
g=Some(1.0)
0.800000,17.378836,19.878641,17.541601,20.584211,18.617066,18.680355
0.980000,25.964640,31.010251,26.602983,30.204197,29.313646,27.934148
g=Some(2.0)
0.800000,17.107059,21.686197,17.595596,23.191995,19.710388,21.155238
0.980000,25.544495,35.752637,27.160844,34.755344,30.086654,30.913220
g=Some(4.0)
0.800000,18.009323,24.713984,17.861999,26.068958,20.943352,28.791768
0.980000,26.476728,42.330095,27.724845,43.515179,31.755175,38.226418
Bimodal(1.0, 1000.0, 0.9995) 31
g: "Set further on", k: 10, Mean: 1.499499999999945, C^2: 221.81496299588213
g=None
,LWL,Random,JSQ,RR,JSQ_d(2),Split
0.800000,128.827427,35.148776,19.038009,30.654449,23.955434,48.407794
0.980000,807.405128,78.947290,41.969746,76.056000,49.519083,251.179479
g=Some(1.0)
0.800000,18.603514,21.364367,18.802152,22.293333,20.056082,20.118013
0.980000,39.883481,45.715455,41.107225,44.574859,43.552194,42.208005
g=Some(2.0)
0.800000,18.308837,23.427861,18.890269,25.468764,21.248574,22.741841
0.980000,39.135512,51.016719,42.329443,51.243768,46.372003,45.257590
g=Some(4.0)
0.800000,19.506520,26.755480,19.223847,28.504014,22.347454,31.421603
0.980000,38.776270,58.696856,42.345012,61.108187,47.404116,53.057718
Bimodal(1.0, 1000.0, 0.9995) 32
g: "Set further on", k: 10, Mean: 1.499499999999945, C^2: 221.81496299588213
g=None
,LWL,Random,JSQ,RR,JSQ_d(2),Split
0.800000,93.752707,31.736228,17.221665,24.897672,21.143549,40.424158
0.980000,400.415808,56.226011,23.230058,50.317681,29.819749,269.987972
g=Some(1.0)
0.800000,16.843803,19.081641,16.984465,19.638111,17.937571,18.017494
0.980000,22.382534,26.731950,22.847366,26.660888,25.072725,24.620669
g=Some(2.0)
0.800000,16.595206,20.724251,17.020847,21.733587,19.065957,20.349017
0.980000,21.988963,29.655626,23.337557,30.294001,25.909339,27.208513
g=Some(4.0)
0.800000,17.402825,23.830427,17.219365,23.145803,20.023525,27.531103
0.980000,23.161694,35.258850,23.757846,36.672431,27.684310,33.799909
Bimodal(1.0, 1000.0, 0.9995) 33
g: "Set further on", k: 10, Mean: 1.499499999999945, C^2: 221.81496299588213
g=None
,LWL,Random,JSQ,RR,JSQ_d(2),Split
0.800000,94.371138,31.126903,16.968996,24.284500,20.825964,39.622537
0.980000,550.999286,58.826353,25.600386,45.635975,31.663428,244.655800
g=Some(1.0)
0.800000,16.747767,18.885470,16.890483,19.350676,17.768351,17.877109
0.980000,24.368432,28.647636,24.960883,27.960226,26.794595,26.501067
g=Some(2.0)
0.800000,16.535381,20.600356,16.913343,21.478028,18.914202,20.077456
0.980000,23.897056,32.231630,25.211981,32.854687,27.963049,28.735138
g=Some(4.0)
0.800000,17.405453,23.462191,17.177861,22.849860,19.853056,27.412034
0.980000,24.671203,37.204953,25.762841,38.457469,29.567033,35.078512
Bimodal(1.0, 1000.0, 0.9995) 34
g: "Set further on", k: 10, Mean: 1.499499999999945, C^2: 221.81496299588213
g=None
,LWL,Random,JSQ,RR,JSQ_d(2),Split
0.800000,68.664924,31.196031,17.131282,26.529746,21.227081,42.219324
0.980000,568.850481,62.711411,25.257161,52.269896,32.193963,312.699286
g=Some(1.0)
0.800000,16.898698,19.283984,17.053330,19.892767,18.060542,18.126120
0.980000,24.053993,29.016782,24.701786,28.297049,27.487353,26.734888
g=Some(2.0)
0.800000,16.615824,21.108540,17.051115,22.226685,19.136614,20.416213
0.980000,23.518723,33.026384,25.353552,33.985396,28.353287,29.389314
g=Some(4.0)
0.800000,17.366288,23.694623,17.311455,24.185634,20.475783,27.762339
0.980000,24.692513,39.562692,25.744087,41.011451,30.116481,36.670329
Bimodal(1.0, 1000.0, 0.9995) 35
g: "Set further on", k: 10, Mean: 1.499499999999945, C^2: 221.81496299588213
g=None
,LWL,Random,JSQ,RR,JSQ_d(2),Split
0.800000,44.277004,28.890538,16.429510,24.159974,20.093410,37.188643
0.980000,423.930329,53.613054,21.920707,46.783871,27.663190,280.876293
g=Some(1.0)
0.800000,16.149624,18.302029,16.298111,18.885626,17.177241,17.223646
0.980000,21.302911,25.535286,21.876125,25.655110,23.962377,23.481500
g=Some(2.0)
0.800000,15.874544,19.763537,16.343674,20.719697,18.337098,19.417655
0.980000,20.941003,28.565787,22.009495,29.217908,24.625010,25.757178
g=Some(4.0)
0.800000,16.408506,22.478518,16.508237,22.704549,19.283356,26.209717
0.980000,22.430781,32.546891,22.399651,35.876793,26.398714,31.646330
Bimodal(1.0, 1000.0, 0.9995) 36
g: "Set further on", k: 10, Mean: 1.499499999999945, C^2: 221.81496299588213
g=None
,LWL,Random,JSQ,RR,JSQ_d(2),Split
0.800000,132.557897,37.268277,18.579489,27.530130,22.865231,45.978000
0.980000,679.800507,89.634725,38.819438,70.124381,46.062556,298.560470
g=Some(1.0)
0.800000,18.175318,20.895158,18.355238,21.700219,19.506417,19.588840
0.980000,38.099296,42.535035,38.719768,41.195199,41.301191,39.850408
g=Some(2.0)
0.800000,17.939724,22.759976,18.448572,24.248993,20.784937,22.048120
0.980000,37.339434,47.403174,38.485296,45.944609,41.700107,42.779461
g=Some(4.0)
0.800000,19.145588,25.979252,18.802603,26.749989,21.762314,29.598467
0.980000,37.224771,52.444794,38.480582,56.899215,42.501489,47.286957
Bimodal(1.0, 1000.0, 0.9995) 37
g: "Set further on", k: 10, Mean: 1.499499999999945, C^2: 221.81496299588213
g=None
,LWL,Random,JSQ,RR,JSQ_d(2),Split
0.800000,92.111433,31.758144,18.007171,27.143306,22.420619,43.748668
0.980000,553.946068,74.604025,28.783295,57.363797,36.408609,231.190578
g=Some(1.0)
0.800000,17.685072,20.257540,17.864248,20.995532,18.939788,19.088580
0.980000,27.622342,32.243833,28.672988,31.897348,30.925327,29.738662
g=Some(2.0)
0.800000,17.418728,22.011424,18.020562,23.489836,20.074126,21.450269
0.980000,27.030395,37.964044,28.960486,37.743760,32.547937,32.044098
g=Some(4.0)
0.800000,18.401880,25.100345,18.299672,26.989192,21.414006,29.063179
0.980000,27.553787,43.769448,29.557870,46.894471,33.882772,39.624666
Bimodal(1.0, 1000.0, 0.9995) 38
g: "Set further on", k: 10, Mean: 1.499499999999945, C^2: 221.81496299588213
g=None
,LWL,Random,JSQ,RR,JSQ_d(2),Split
0.800000,88.222998,31.795485,17.964840,28.060484,22.279590,41.934089
0.980000,612.136195,66.854045,27.697853,62.305353,34.307840,248.402445
g=Some(1.0)
0.800000,17.708394,20.191002,17.868989,20.835263,18.942721,18.961225
0.980000,26.351533,30.916960,27.172421,30.558426,29.590595,28.465467
g=Some(2.0)
0.800000,17.419919,21.776222,17.933040,23.254845,20.010911,21.504401
0.980000,25.733621,36.031495,27.538039,36.115674,30.971039,31.339522
g=Some(4.0)
0.800000,18.349140,24.671408,18.097238,26.047801,21.215195,29.085837
0.980000,26.312151,43.411678,27.800476,43.720611,32.073060,38.688733
Bimodal(1.0, 1000.0, 0.9995) 39
g: "Set further on", k: 10, Mean: 1.499499999999945, C^2: 221.81496299588213
g=None
,LWL,Random,JSQ,RR,JSQ_d(2),Split
0.800000,99.247939,35.440249,18.715450,29.084002,23.000960,53.747987
0.980000,653.579027,82.463118,45.527322,74.727481,52.332877,286.116903
g=Some(1.0)
0.800000,18.240320,20.853460,18.483492,21.403051,19.583757,19.590253
0.980000,45.226254,49.033121,45.724418,48.177142,47.401520,47.062615
g=Some(2.0)
0.800000,17.921835,22.799653,18.594493,24.051390,20.871055,22.141757
0.980000,44.484571,52.016013,45.541678,52.336306,47.439236,47.808714
g=Some(4.0)
0.800000,18.753512,26.409443,18.711503,27.186979,21.760068,30.174514
0.980000,44.369730,56.298852,45.263142,60.270399,48.605820,51.315391
